-2.842170943040401e-17
-1.2434497875801754e-17
-2.6978419498391303e-17
2.4424906541753442e-18
-2.1538326677728038e-17
6.439293542825908e-18
-4.5297099404706384e-17
-2.1715962361668061e-16
1.687538997430238e-17
-4.82280881897168e-16
-6.896705428971472e-16
5.639932965095795e-17
-1.523225989785715e-16
-2.042810365310288e-17
-5.3734794391857575e-17
1.481037514849959e-16
8.43769498715119e-18
-7.505107646466059e-17
-3.681499549657019e-16
-1.5143442055887136e-16
-2.8199664825478977e-17
-6.417089082333404e-17
7.460698725481052e-17
-5.002664948960956e-16
-8.348877145181177e-17
-2.888800310074657e-16
-2.451372438372346e-16
-1.1057821325266559e-16
1.2034817586936698e-16
-1.7807977314987512e-16
2.984279490192421e-16
1.4921397450962105e-16
-4.631850458736153e-16
2.1316282072803006e-17
2.637889906509372e-16
3.179678742526448e-16
1.5365486660812165e-16
-2.0383694732117875e-16
-4.1744385725905884e-16
3.979039320256561e-16
2.7533531010703882e-17
-9.947598300641403e-17
1.247890679678676e-16
2.948752353404416e-16
-2.788880237858393e-16
-4.2854608750531044e-17
-1.7985612998927537e-16
-9.237055564881302e-17
1.5143442055887136e-16
5.324629626102251e-16
-1.900701818158268e-16
-2.582378755278114e-16
-6.994405055138486e-17
1.482147737874584e-16
-5.369038547087257e-16
3.9412917374193055e-16
-9.103828801926283e-17
7.061018436615996e-17
-6.716849298982197e-17
-3.4905411894214923e-16
2.0872192862952943e-17
-1.978417429882029e-16
-5.546674231027283e-16
-1.822986206434507e-16
-1.7830181775480015e-16
8.637535131583718e-17
1.2212453270876722e-17
-2.2382096176443156e-16
3.517186542012496e-16
-1.2012613126444195e-16
3.19300141882195e-16
6.061817714453355e-17
-1.5498713423767184e-16
1.2612133559741777e-16
5.17585974080248e-16
3.3173463975799677e-16
6.616929226765933e-17
-4.352074256530614e-17
4.849454171562684e-16
-2.0827783941967935e-16
1.3677947663381928e-16
1.3233858453531865e-16
5.67323965583455e-16
-2.511324481702104e-16
5.240252676230739e-16
1.5498713423767184e-16
-1.7985612998927537e-16
8.060219158778636e-17
8.704148513061228e-17
-3.059774655866931e-16
3.304023721284466e-16
2.5845992013273643e-16
1.1457501614131616e-16
5.773159728050814e-17
3.9035441545820504e-16
-2.460254222569347e-16
-7.4451556031363e-16
1.9984014443252818e-16
-2.4868995751603507e-17
3.184119634624949e-16
-6.128431095930865e-17
-8.326672684688674e-17
5.861977570020827e-17
-2.446931546273845e-16
2.2648549702353192e-17
-1.0236256287043944e-16
-1.794120407794253e-16
1.1080025785759062e-16
-6.750155989720952e-17
4.658495811327157e-16
1.5454304502782178e-16
-2.375877272697835e-16
1.092459456231154e-16
2.27151630838307e-16
-3.361755318564974e-16
-9.414691248821327e-17
1.8207657603852568e-17
2.993161274389422e-16
2.176037128265307e-17
-5.10702591327572e-17
-1.425526363618701e-16
1.176836406102666e-16
1.1302070390684094e-16
3.1397107136399425e-16
-5.180300632900981e-16
-1.616484723854228e-16
1.383337888682945e-16
7.460698725481052e-17
-3.552713678800501e-18
-1.9539925233402754e-17
-6.927791673660977e-17
-3.26405569239796e-17
-1.1368683772161603e-16
8.837375276016247e-17
-6.394884621840901e-17
2.440270208126094e-16
-1.1679546219056647e-16
1.858513343222512e-16
-1.1368683772161603e-16
-2.4868995751603507e-17
-2.597921877622866e-16
-8.348877145181177e-17
3.552713678800501e-18
-1.8807178037150151e-16
-6.838973831690964e-17
4.0523140398818213e-16
3.6415315207705136e-17
1.1013412404281553e-16
-1.9761969838327787e-16
2.1094237467877973e-16
3.9168668308775523e-16
-1.0080825063596422e-16
1.2390088954816748e-16
-1.2434497875801754e-17
-2.398081733190338e-17
-1.5543122344752193e-17
-5.726530361016558e-16
2.3658852654762083e-16
2.4424906541753442e-18
1.0258460747536447e-16
6.972200594645983e-17
-1.0391687510491466e-16
-3.845812557301542e-16
6.001865671123596e-16
-2.5202062658991054e-16
2.8244073746463983e-16
4.147793219999585e-16
1.1812772982011666e-16
4.214406601477094e-16
-1.7141843500212417e-16
2.446931546273845e-16
2.2049029269055609e-16
-2.253752739989068e-17
4.2388315080188477e-16
1.3455903058456897e-16
1.2145839889399213e-16
7.238654120556021e-17
-1.7763568394002505e-18
-1.4210854715202004e-17
-5.3290705182007515e-18
7.105427357601002e-18
-3.1263880373444406e-16
2.1094237467877973e-16
-2.4291679778798427e-16
2.8321789358187745e-16
1.6586731987899839e-16
3.0242475190789266e-16
-9.237055564881302e-17
6.550315845288423e-17
4.354294702579864e-16
-1.723066134218243e-16
1.909583602355269e-17
1.6076029396572266e-16
-9.947598300641403e-17
-1.5498713423767184e-16
-3.099742684753437e-16
-7.593925488436071e-17
2.382538610845586e-16
-1.8762769116165147e-17
7.587264150288319e-16
-6.084022174945858e-17
-7.549516567451065e-17
-4.46753745109163e-16
-3.601563491884008e-16
-7.194245199571015e-17
3.520517211086371e-16
-3.375077994860476e-17
-1.4299672557172017e-16
2.446931546273845e-16
-1.2612133559741777e-16
-2.4868995751603507e-17
3.6415315207705136e-17
2.5845992013273643e-16
4.796163466380676e-17
1.2967404927621828e-16
-2.3092638912203255e-17
-9.281464485866308e-17
4.6229686745391515e-16
1.9273471707492717e-16
1.0635936575908999e-16
6.52811138479592e-17
-1.2834178164666809e-16
-2.1449508835758024e-16
5.95079541199084e-17
3.8058445284150365e-16
-2.1871393585115585e-17
1.3034018309099337e-16
1.298960938811433e-16
3.9879211044535624e-16
1.554312234475219e-16
1.5198953207118393e-16
-3.0020430585864235e-16
4.574118861455645e-17
-2.149391775674303e-16
2.4558133304708465e-16
3.073097332162433e-16
1.5942802633617247e-16
1.404432126150823e-16
-2.806643806252396e-16
1.0480505352461477e-16
2.042810365310288e-16
7.283063041541027e-17
4.3876013933186186e-16
8.881784197001253e-17
-1.6697754290362354e-16
-1.0658141036401502e-16
-2.3359092438113295e-16
-2.1316282072803005e-16
1.5076828674409627e-16
-3.291811268013589e-16
2.0583534876550403e-16
3.204103649068202e-16
1.190159082398168e-16
2.8688162956314046e-16
3.26183524634871e-16
-4.884981308350689e-17
-2.2071233729548112e-16
-1.5065726444163374e-16
-8.393286066166184e-17
2.2604140781368188e-16
-2.407518628899652e-16
2.6201263381153693e-16
1.2079226507921704e-16
-1.1368683772161603e-16
-2.717825964282383e-16
3.0375701953744285e-16
3.9968028886505636e-16
-3.4638958368304884e-17
-1.0791367799356521e-16
-2.708944180085382e-16
-1.9895196601282806e-16
-3.6370906286720126e-16
1.3322676295501878e-17
-2.8199664825478977e-17
-5.280220705117245e-16
1.6120438317557272e-16
7.638334409421076e-17
1.2745360322696796e-16
1.1102230246251565e-16
-1.1790568521519163e-16
-1.3389289676979387e-16
-2.1538326677728036e-16
-6.88338275267597e-17
4.7073456244106636e-17
3.375077994860476e-17
9.736655925962623e-17
-1.13464793116691e-16
1.2523315717771765e-16
-1.5565326805244694e-16
-3.8036240823657865e-16
1.34781075189494e-16
2.0250467969162856e-16
1.8363088827300088e-16
3.559375016948252e-16
-1.9029222642075183e-16
-4.1566750041965863e-16
-7.993605777301126e-18
1.589839371263224e-16
-5.284661597215745e-17
-3.339550858072471e-16
3.6970426720017715e-17
2.178257574314557e-16
-2.717825964282383e-16
-3.5782488083668794e-16
-1.4288570326925764e-16
-5.1292303737682235e-17
-2.233768725545815e-16
-3.2374103398069564e-16
-7.260858581048524e-17
-5.204725539442734e-16
-1.3455903058456897e-16
-1.0702549957386509e-16
-2.7400304247748863e-16
-2.220446049250313e-16
-2.304822999121825e-16
-2.526867604046856e-16
-6.767919558114954e-16
3.907985046680551e-16
1.0036416142611415e-16
4.2810199829546035e-16
1.021405182655144e-17
1.6275869541004795e-16
-1.0613732115416496e-16
-5.513367540288528e-16
-2.4558133304708465e-16
2.1094237467877973e-16
-3.5282887722587474e-16
-2.1893598045608087e-16
-2.065014825802791e-17
8.548717289613705e-18
-3.019806626980426e-17
3.019806626980426e-17
-6.694644838489694e-17
4.514166818125886e-16
5.402345237826011e-16
1.8829382497642654e-16
2.6068036618198674e-16
-3.130828929442941e-17
-4.440892098500626e-19
-4.4231285301066236e-16
2.341460358934455e-16
2.5801583092288636e-16
-2.0849988402460439e-16
-1.7053025658242405e-16
6.104006189389111e-16
2.0827783941967935e-16
-1.5010215292932117e-16
5.029310301551959e-16
3.9479530755670567e-16
1.674216321134736e-16
6.972200594645983e-17
-8.171241461241152e-17
-2.0028423364237825e-16
1.9806378759312793e-16
-1.3233858453531865e-16
3.219646771412954e-16
4.702904732312163e-16
1.312283615106935e-16
3.1291635949060035e-16
7.360778653264788e-17
2.4424906541753442e-18
-1.496580637194711e-16
5.95079541199084e-17
-1.9118040484045195e-16
-5.773159728050814e-17
-3.3084646133829663e-17
-3.324007735727719e-16
1.1457501614131616e-16
9.192646643896296e-17
-1.9895196601282806e-16
2.806643806252396e-16
-5.002664948960956e-16
1.1102230246251566e-17
-3.3306690738754696e-16
3.7614356074300302e-16
1.1546319456101627e-17
-1.7408297026122455e-16
1.7763568394002505e-18
2.5224267119483554e-16
4.014566457044566e-16
1.256772463875677e-16
8.926193117986259e-17
-4.4630965589931296e-17
-2.666755705149626e-16
-1.6608936448392342e-16
1.554312234475219e-16
-3.4805491821998655e-16
-2.1249668691325495e-16
3.3351099659739703e-16
3.232969447708456e-16
3.7703173916270315e-16
3.5749181392930043e-16
1.341149413747189e-16
-1.532107773982716e-17
7.149836278586008e-17
1.0258460747536447e-16
1.3877787807814457e-17
-1.602051824534101e-16
-8.248957072964913e-17
-1.816324868286756e-16
-3.0619951019161817e-16
-1.5276668818842153e-16
4.11226608321158e-16
-2.6290081223123706e-16
9.614531393253856e-17
-1.794120407794253e-16
2.6645352591003758e-18
7.01660951563099e-17
-1.9761969838327787e-16
2.97539770599542e-17
3.597122599785507e-17
-1.5720758028692216e-16
-1.4477308241112042e-16
-1.509903313490213e-16
5.73985303731206e-17
5.639932965095795e-17
2.0183854587685347e-16
3.7703173916270315e-16
-3.1974423109204506e-17
-1.3944401189291966e-16
-1.474376176702208e-16
5.657696533489798e-16
1.6298074001497298e-16
-1.9140244944537699e-16
1.7896795156957525e-16
6.061817714453355e-17
-1.5121237595394633e-16
1.6919798895287386e-16
-3.6615155352137663e-16
-4.485301019485632e-16
1.1679546219056647e-16
-8.548717289613706e-17
-2.4202861936828414e-16
8.526512829121202e-17
3.2268632210730173e-16
-4.076738946423575e-16
-8.515410598874951e-17
1.403321903126198e-16
3.8546943414985435e-16
-1.13464793116691e-16
1.1968204205459188e-16
-2.5934809855243655e-16
-1.2145839889399213e-16
-3.241851231905457e-16
-4.0834002845713257e-16
-3.8546943414985435e-16
-2.1760371282653068e-16
-2.5224267119483554e-16
-7.704947790898586e-17
-1.403321903126198e-16
-4.3798298321462424e-16
-8.881784197001253e-17
1.6564527527407336e-16
3.61710661422876e-16
-3.12194714524594e-16
1.7852386235972518e-16
4.667377595524158e-16
-3.9168668308775523e-16
2.362554596402333e-16
2.5845992013273643e-16
4.849454171562684e-16
1.263433802023428e-16
8.970602038971265e-17
-3.739231146937527e-16
2.682298827494378e-16
-4.480860127387131e-16
-3.996802888650563e-18
-4.130029651605582e-17
4.929390229335695e-17
-4.138911435802584e-16
1.9761969838327785e-17
2.3092638912203255e-17
2.549072064539359e-16
-4.4408920985006264e-17
-4.3076653355456075e-17
-2.6911806116913794e-16
-8.304468224196171e-17
2.1760371282653068e-16
2.380318164796336e-16
1.2601031329495527e-16
1.1857181902996673e-16
8.881784197001253e-18
3.239630785856207e-16
1.2012613126444195e-16
4.1167069753100807e-16
-1.9406698470447736e-16
-3.7214675785435246e-16
6.23723295234413e-16
-3.3062441673337164e-16
7.593925488436071e-17
3.641531520770513e-16
-1.0658141036401502e-16
-9.592326932761352e-17
-2.220446049250313e-18
-4.68070027181966e-16
-7.01660951563099e-17
-2.4336088699783433e-16
-2.2648549702353194e-16
3.1175062531474394e-16
5.329070518200751e-17
