-2.375877272697835e-17
5.040412531798211e-17
3.0309088572266776e-17
1.2878587085651817e-17
1.4210854715202004e-17
1.8318679906315084e-17
2.220446049250313e-19
4.796163466380676e-17
-4.5297099404706384e-17
1.8873791418627663e-18
2.3092638912203255e-17
4.7073456244106636e-17
-2.176037128265307e-17
-3.7747582837255325e-18
1.021405182655144e-17
1.2434497875801754e-17
-1.0436096431476472e-17
3.68594044175552e-17
2.55351295663786e-17
0.0
3.0309088572266776e-17
-2.1094237467877974e-18
-1.3322676295501879e-18
9.769962616701377e-18
6.217248937900877e-18
3.586020369539256e-17
-2.1094237467877975e-17
-1.48769885299771e-17
-2.398081733190338e-17
-8.881784197001253e-19
-1.1546319456101627e-17
3.586020369539256e-17
1.9761969838327785e-17
-7.793765632868598e-17
-3.219646771412954e-17
-2.220446049250313e-19
-2.6645352591003758e-18
5.484501741648273e-17
-4.440892098500626e-18
-4.796163466380676e-17
-3.397282455352979e-17
7.194245199571015e-17
-3.8635761256955445e-17
1.709743457922741e-17
3.019806626980426e-17
-3.4638958368304884e-17
2.531308496145357e-17
-9.547918011776345e-18
-3.7969627442180357e-17
-3.130828929442941e-17
-1.0436096431476472e-17
0.0
2.220446049250313e-19
-8.881784197001253e-18
7.66053886991358e-18
3.663735981263017e-17
4.662936703425657e-17
-2.020605904817785e-17
1.509903313490213e-17
-3.9968028886505634e-17
-2.7755575615628915e-18
1.5987211554602253e-17
2.398081733190338e-17
3.3306690738754697e-19
8.881784197001253e-19
9.2148511043888e-18
-1.865174681370263e-17
1.6764367671839863e-17
9.769962616701377e-18
2.842170943040401e-17
-4.440892098500626e-18
-2.9309887850104134e-17
-2.7533531010703882e-17
4.2099657093785934e-16
-5.60884672040629e-16
-3.6726177654600176e-16
-2.486899575160351e-16
1.6653345369377348e-16
-1.736388810513745e-16
6.661338147750939e-18
8.126832540256146e-17
-1.509903313490213e-16
1.1679546219056647e-16
-1.2212453270876723e-16
1.6897594434794883e-16
1.0480505352461477e-16
3.0109248427834247e-16
-1.936228954946273e-16
-3.8768988019910466e-16
2.646771690706373e-16
3.0664359940146824e-16
1.4210854715202004e-17
1.2945200467129324e-16
-2.0050627824730328e-16
-2.1227464230832992e-16
2.220446049250313e-16
3.654854197066015e-16
-2.935429677108914e-16
-1.3988810110276973e-17
-1.4410694859634532e-16
-1.6187051699034782e-16
-2.0050627824730328e-16
2.964295475749168e-16
5.795364188543317e-17
-4.4231285301066236e-16
-4.021227795192317e-16
3.907985046680551e-17
-1.5809575870662228e-16
-3.1752378504279474e-17
-6.639133687258436e-17
2.9665159217984184e-16
-9.85878045867139e-17
-3.907985046680551e-17
-1.5631940186722203e-16
7.194245199571015e-17
1.6076029396572266e-16
6.727951529228448e-16
-3.9968028886505634e-17
-3.552713678800501e-18
2.149391775674303e-16
-3.191891195797325e-16
-1.0658141036401503e-17
-7.593925488436071e-17
1.5365486660812165e-16
2.1094237467877973e-16
1.4432899320127036e-16
-4.352074256530614e-17
-3.304023721284466e-16
-9.769962616701377e-18
1.4566126083082054e-16
-2.415845301584341e-16
-4.227729277772596e-16
2.575717417130363e-16
2.842170943040401e-16
-4.569677969357144e-16
-2.3092638912203255e-17
6.394884621840901e-17
8.43769498715119e-17
-4.2854608750531044e-17
-3.0309088572266773e-16
6.616929226765933e-17
1.1612932837579138e-16
3.1175062531474394e-16
-3.592681707687007e-16
-4.054534485931072e-16
-1.637578961322106e-16
-5.0737192225369656e-17
3.952393967665557e-17
1.6009416015094757e-16
-5.5289106626332796e-17
-6.615819003741307e-16
-2.5202062658991054e-16
-3.6609604237014536e-16
-2.0339285811132869e-16
1.219024881038422e-16
3.8069547514396616e-16
4.380940055170868e-16
2.495781359357352e-16
-1.7186252421197424e-16
-2.438049762076844e-16
-1.2834178164666809e-16
7.727152251391089e-17
-1.6697754290362354e-16
-8.881784197001253e-17
3.446132268436486e-16
7.993605777301126e-18
-8.171241461241152e-17
-6.394884621840901e-17
2.375877272697835e-17
-1.8918200339612667e-16
1.376676550535194e-16
-2.1760371282653068e-16
-4.065636716177323e-16
-8.548717289613706e-17
-5.81756864903582e-17
2.380318164796336e-16
5.284661597215745e-17
-6.927791673660977e-17
2.673417043297377e-16
2.2748469774569457e-16
-1.7763568394002505e-18
-9.259260025373805e-17
1.0613732115416496e-16
-7.638334409421076e-17
-1.4943601911454608e-16
-2.0383694732117875e-16
-1.9451107391432743e-16
-6.128431095930865e-17
-5.062616992290714e-17
-1.099120794378905e-16
-2.7977620220553945e-17
-1.9984014443252817e-17
-6.661338147750939e-17
-1.8873791418627663e-17
1.3389289676979387e-16
-1.1435297153639113e-16
-1.8274270985330076e-16
4.951594689828198e-17
-2.806643806252396e-16
8.926193117986259e-17
-1.5587531265737197e-16
-1.7763568394002505e-18
3.708144902248023e-17
9.14823772291129e-17
-2.0161650127192843e-16
1.795230630818878e-16
-1.454392162258955e-17
2.4913404672588515e-16
1.6964207816272392e-16
1.5754064719430972e-16
9.325873406851316e-18
-6.306066779870889e-17
-4.347633364432113e-16
-1.4521717162097048e-16
6.439293542825907e-17
-2.2670754162845695e-16
5.417888360170764e-17
7.815970093361102e-17
-8.79296635503124e-17
1.2967404927621828e-16
-2.3092638912203255e-17
2.1582735598713043e-16
-6.511458039426543e-17
1.8252066524837572e-16
-1.645350522494482e-16
1.2262413306984854e-16
-2.2154500456395e-16
7.638334409421076e-17
1.3100631690576846e-16
-1.0036416142611415e-16
7.105427357601002e-17
9.237055564881302e-17
-4.618527782440651e-17
1.1013412404281553e-16
1.7319479184152443e-16
-5.3290705182007515e-18
-6.217248937900877e-17
8.171241461241152e-17
-1.7053025658242405e-16
1.4210854715202004e-17
-7.460698725481052e-17
-2.451372438372346e-16
1.7763568394002506e-16
1.0480505352461477e-16
-4.618527782440651e-17
1.5509815654013437e-16
-8.948397578478762e-17
-1.163513729807164e-16
1.2811973704174306e-16
3.593791930711632e-16
6.350475700855895e-17
-1.547650896327468e-16
7.238654120556021e-17
-7.349676423018537e-17
9.481304630298837e-17
2.4336088699783433e-16
-1.7541523789077474e-17
6.661338147750939e-17
-1.3622436512150672e-16
1.8740564655672642e-16
1.8030021919912543e-16
1.3988810110276973e-16
-2.6068036618198674e-16
1.1013412404281553e-16
-3.6415315207705136e-17
1.8474111129762604e-16
1.438849039914203e-16
-3.730349362740526e-16
2.611244553918368e-16
3.552713678800501e-17
2.55351295663786e-16
7.727152251391089e-17
-7.704947790898586e-17
7.771561172376097e-18
4.8849813083506885e-18
-1.5987211554602253e-17
-2.0783375020982932e-16
2.987055047753984e-16
6.750155989720952e-17
1.8829382497642654e-16
-1.5720758028692216e-16
1.4210854715202004e-16
1.0658141036401502e-16
1.9895196601282806e-16
-1.723066134218243e-16
1.2434497875801754e-17
-1.021405182655144e-17
1.9539925233402755e-16
2.042810365310288e-16
-2.05613304160579e-16
1.8829382497642654e-16
1.2967404927621828e-16
-1.8474111129762604e-16
-5.417888360170764e-17
-2.5646151868841117e-16
-2.9665159217984184e-16
5.406786129924512e-17
-4.8627768478581857e-17
1.2789769243681802e-16
5.095923683029469e-17
6.217248937900877e-18
2.8244073746463983e-16
-3.552713678800501e-17
-9.769962616701378e-17
5.1514348342607266e-17
-1.1013412404281553e-16
-7.549516567451065e-17
5.329070518200751e-17
2.4868995751603507e-17
-8.348877145181177e-17
-5.062616992290714e-17
7.638334409421076e-17
-2.042810365310288e-17
-1.474376176702208e-16
1.4588330543574558e-16
-1.0058620603103919e-16
-1.2434497875801754e-17
1.949551631241775e-16
-9.947598300641403e-17
5.417888360170764e-17
-1.4566126083082054e-16
-1.4921397450962105e-16
1.709743457922741e-17
3.441691376337985e-17
3.6859404417555195e-16
2.451372438372346e-16
-3.219646771412954e-17
2.4424906541753444e-17
-5.440092820663267e-18
1.1768364061026659e-17
-8.149037000748649e-17
-3.1086244689504386e-17
-2.7866597918091427e-16
3.5837999234900055e-16
1.5498713423767184e-16
-2.3536728122053318e-17
1.900701818158268e-16
4.374278717023117e-17
-1.2789769243681802e-16
4.218847493575595e-17
-3.7214675785435246e-16
-2.6867397195928787e-17
-5.018208071305708e-17
-1.6264767310758544e-16
2.0872192862952943e-17
3.785860513971784e-17
-1.4477308241112042e-16
-1.297850715786808e-16
-2.382538610845586e-16
9.459100169806333e-17
3.0864200084579355e-17
-8.704148513061228e-17
1.687538997430238e-17
-7.727152251391089e-17
-8.704148513061228e-17
3.4638958368304884e-17
-2.5335289421946073e-16
5.3290705182007515e-18
2.7844393457598926e-16
-1.3988810110276973e-17
2.0872192862952942e-16
-8.626432901337467e-17
1.2967404927621828e-16
2.6201263381153693e-16
1.2789769243681802e-16
2.1160850849355483e-16
2.1804780203638074e-16
-3.286260152890463e-17
7.549516567451065e-17
1.9539925233402755e-16
-1.4566126083082054e-16
-2.042810365310288e-17
-1.1546319456101628e-16
-6.750155989720952e-17
-8.881784197001253e-17
-1.5265566588595902e-16
-9.325873406851315e-17
-1.9984014443252817e-17
1.5631940186722203e-16
2.0905499553691698e-16
1.5920598173124744e-16
-2.212674488077937e-16
2.708944180085382e-17
-1.4843681839238343e-16
-5.773159728050814e-17
1.092459456231154e-16
-1.6431300764452317e-16
1.9539925233402754e-17
-1.900701818158268e-16
-3.552713678800501e-17
-1.4477308241112042e-16
2.504663143554353e-16
1.389999226830696e-16
1.3855583347321954e-16
-2.176037128265307e-17
9.192646643896296e-17
-4.451994328746878e-17
-2.446931546273845e-16
3.7458924850852783e-16
-2.3114843372695758e-16
1.425526363618701e-16
1.8429702208777598e-16
1.8807178037150151e-16
-1.9539925233402755e-16
8.848477506262498e-17
1.6364687382974807e-16
1.77191594730175e-16
1.7807977314987512e-16
1.8463008899516354e-16
-1.7763568394002505e-17
3.659295089164516e-16
1.709743457922741e-16
2.5357493882438573e-16
-8.348877145181177e-17
-1.1723955140041654e-16
-3.148592497836944e-16
-2.2026824808563106e-16
-4.3631764867768654e-17
-1.488809076022335e-16
2.9043434324194096e-16
1.3766765505351941e-17
-1.887379141862766e-16
-2.460254222569347e-16
8.881784197001253e-17
-3.0553337637684306e-16
2.2204460492503132e-17
-3.153033389935444e-17
-4.511946372076636e-16
5.1292303737682235e-17
-4.4408920985006264e-17
2.1938006966593093e-16
6.838973831690964e-17
-1.1590728377086635e-16
7.105427357601002e-17
-2.948752353404416e-16
4.085620730620576e-16
-9.681144774731365e-17
3.5837999234900055e-16
-1.0746958878371515e-16
2.5313084961453567e-16
-3.348432642269472e-16
-2.5757174171303633e-17
-2.369215934550084e-16
-8.115730310009894e-17
2.34257058195908e-16
-7.260858581048524e-17
-4.105604745063829e-16
1.7918999617450028e-16
-4.884981308350689e-17
-4.274358644806853e-16
-7.238654120556021e-17
-1.8363088827300088e-16
-4.891642646498439e-16
5.6754601018838e-16
-5.839773109528324e-17
-2.0872192862952942e-16
-5.2402526762307386e-17
-6.8833827526759705e-18
6.687983500341943e-16
-1.0302869668521453e-16
-1.5454304502782178e-16
2.0827783941967935e-16
3.9968028886505636e-16
2.1049828546892967e-16
-4.796163466380677e-16
1.5987211554602253e-17
5.400124791776761e-16
3.375077994860476e-17
-3.1885605267234495e-16
2.997602166487923e-16
2.380318164796336e-16
-2.415845301584341e-16
1.2789769243681802e-16
7.105427357601002e-17
3.3573144264664734e-16
-5.861977570020827e-17
2.948752353404416e-16
-3.907985046680551e-17
2.4691360067663484e-16
-6.417089082333404e-17
1.2612133559741777e-16
-1.7541523789077474e-16
3.907985046680551e-16
3.2862601528904633e-16
-1.4921397450962105e-16
-1.0302869668521453e-16
2.5801583092288636e-16
-6.661338147750939e-18
1.2412293415309251e-16
-3.144151605738443e-16
1.3367085216486884e-16
1.050270981295398e-16
5.369038547087257e-16
-1.5276668818842153e-16
-1.0835776720341528e-16
-7.993605777301126e-18
-2.4336088699783433e-16
2.7977620220553945e-17
2.249311847890567e-16
4.760636329592672e-16
