5.95079541199084e-17
-3.552713678800501e-18
-7.283063041541027e-17
3.375077994860476e-17
3.552713678800501e-18
1.7985612998927537e-17
0.0
2.042810365310288e-17
3.9968028886505634e-17
-1.6209256159527284e-17
-8.881784197001253e-18
4.130029651605582e-17
-1.7985612998927537e-17
7.993605777301127e-17
-3.530509218307998e-17
1.6653345369377347e-17
-5.3290705182007515e-18
1.4432899320127036e-17
-4.352074256530614e-17
-2.6645352591003758e-18
2.90878432451791e-17
2.1316282072803006e-17
6.439293542825907e-17
8.881784197001253e-18
0.0
5.995204332975845e-18
3.11972669919669e-17
1.5987211554602253e-17
-1.1546319456101627e-17
-3.552713678800501e-18
-2.375877272697835e-17
0.0
-2.0539125955565396e-17
-8.659739592076221e-18
-2.2204460492503132e-17
-4.1744385725905886e-17
-4.9960036108132046e-17
-3.952393967665557e-17
1.4432899320127034e-18
2.5757174171303633e-17
-7.327471962526034e-18
-1.1102230246251566e-17
-1.1768364061026659e-17
-1.4210854715202004e-17
1.4654943925052067e-17
3.3306690738754695e-17
1.576516694967722e-17
1.4210854715202004e-17
1.1546319456101627e-17
-6.572520305780926e-17
3.375077994860476e-17
-3.7747582837255325e-18
8.881784197001253e-18
1.3322676295501878e-17
-6.217248937900877e-18
1.509903313490213e-17
1.6209256159527284e-17
0.0
1.687538997430238e-17
-1.2101430968414206e-17
-1.5654144647214706e-17
-1.532107773982716e-17
-1.687538997430238e-17
2.6645352591003758e-18
1.1435297153639112e-17
5.3290705182007515e-18
1.1546319456101627e-17
5.995204332975845e-18
0.0
-2.9976021664879226e-18
8.881784197001253e-18
4.5297099404706384e-17
0.0
1.687538997430238e-17
-7.105427357601002e-18
-3.1086244689504386e-17
1.7763568394002505e-17
-2.1316282072803006e-17
-4.440892098500626e-19
-1.0835776720341528e-16
4.956035581926699e-16
-7.469580509678053e-16
-1.021405182655144e-17
4.787281682183675e-16
1.603162047558726e-16
3.5260683262094973e-16
-9.14823772291129e-17
5.870859354217828e-16
4.702904732312163e-16
4.4630965589931296e-17
-6.683542608243442e-17
-1.6342482922482304e-16
-2.5091040356528535e-16
7.238654120556021e-17
8.393286066166184e-17
1.6431300764452317e-16
9.281464485866308e-17
-1.5187850976872143e-16
-1.4299672557172017e-16
-3.277378368693462e-16
-1.6719958750854858e-16
1.127986593019159e-16
-2.4868995751603507e-17
-1.2612133559741777e-16
1.376676550535194e-16
4.0323300254385687e-16
5.24469356832924e-16
1.2878587085651815e-16
8.393286066166184e-17
-1.7541523789077474e-17
-3.2729374765949614e-16
6.439293542825907e-17
-3.730349362740526e-16
-1.1546319456101627e-17
1.9273471707492717e-16
-1.9273471707492717e-16
7.760458942129844e-17
4.8405723873656825e-17
1.4066525722000732e-16
-6.3282712403633925e-18
-2.220446049250313e-19
8.837375276016247e-17
-1.7408297026122455e-16
2.9665159217984184e-16
-1.27675647831893e-16
2.997602166487923e-16
-1.1102230246251565e-16
-3.241851231905457e-17
-1.3766765505351941e-17
2.1460611066004276e-16
-2.093880624443045e-16
1.1080025785759062e-16
-2.886579864025407e-16
-4.3520742565306136e-16
4.227729277772596e-16
-3.6060043839825087e-16
1.6209256159527284e-17
-5.8508753397745745e-16
-2.55351295663786e-17
8.293365993949919e-17
-7.194245199571015e-17
1.4654943925052067e-17
9.992007221626409e-17
1.0658141036401502e-16
-6.037392807911601e-16
2.2093438190040615e-16
-2.2382096176443156e-16
-3.1308289294429413e-16
-4.4408920985006264e-17
1.0635936575908999e-16
-1.794120407794253e-16
-1.0014211682118912e-16
-2.589040093425865e-16
-6.128431095930865e-17
-8.85957973650875e-17
-1.270095140171179e-16
4.076738946423575e-16
8.43769498715119e-17
1.225686219186173e-16
-4.334310688136611e-16
-1.0746958878371515e-16
5.1514348342607266e-17
3.8635761256955447e-16
2.220446049250313e-16
-1.865174681370263e-16
8.171241461241152e-17
-2.0294876890147862e-16
1.8740564655672642e-16
-1.7497114868092468e-16
-4.085620730620576e-16
-3.275157922644212e-16
-2.473576898864849e-16
3.69038133385402e-16
3.1263880373444406e-16
-3.9745984281580605e-16
2.993161274389422e-16
-1.9140244944537699e-16
3.390621117205228e-16
1.1879386363489176e-16
1.3877787807814457e-16
-3.539391002504999e-16
-1.3522516439934406e-16
4.367617378875366e-16
-1.9539925233402754e-17
-3.2507330161024583e-16
4.574118861455645e-16
3.013145288832675e-16
1.034727858950646e-16
-1.3156142841808106e-16
4.805045250577678e-16
3.910205492729801e-16
2.2248869413488137e-16
-1.7008616737257399e-16
9.636735853746359e-17
-6.272760089132134e-17
-1.3078427230084343e-16
8.892886427247504e-17
2.5224267119483554e-16
1.532107773982716e-17
6.983302824892235e-17
-2.6645352591003756e-17
-2.9665159217984184e-16
-7.838174553853605e-17
8.526512829121202e-17
-4.054534485931072e-16
-5.551115123125783e-18
-2.4646951146678477e-16
1.021405182655144e-16
2.2004620348070602e-16
-1.8340884366807585e-16
-1.1057821325266559e-16
1.396660564978447e-16
-1.7275070263167436e-16
6.696865284538944e-16
-3.894662370385049e-16
1.6009416015094757e-16
1.1457501614131616e-16
8.193445921733655e-17
9.725553695716371e-17
-5.773159728050814e-18
2.1804780203638074e-16
-7.01660951563099e-17
1.3855583347321954e-16
-1.3500311979441903e-16
-8.881784197001253e-17
-6.52811138479592e-17
8.881784197001253e-18
-1.2212453270876723e-16
-7.91033905045424e-17
-4.285460875053104e-16
6.661338147750939e-18
-3.297362383136715e-16
6.927791673660977e-17
-8.348877145181177e-17
2.666755705149626e-16
-7.704947790898586e-17
-1.376676550535194e-16
-3.588240815588506e-16
-3.3306690738754697e-19
-1.318944953254686e-16
-3.1974423109204506e-17
2.378097718747085e-16
-6.961098364399732e-17
-2.05613304160579e-16
3.383959779057477e-16
-9.414691248821327e-17
-2.282618538629322e-16
7.01660951563099e-17
7.815970093361102e-17
-1.509903313490213e-16
2.842170943040401e-16
-1.6209256159527284e-17
5.551115123125783e-17
2.333688797762079e-16
1.4921397450962105e-16
-9.103828801926283e-17
3.376188217885101e-16
-2.668976151198876e-16
2.462474668618597e-16
-2.9110047705671603e-16
3.064215547965432e-17
2.4014124022642134e-16
6.661338147750939e-18
-1.0147438445073931e-16
1.078026556911027e-16
3.0864200084579355e-17
3.459454944731988e-16
8.126832540256146e-17
8.926193117986259e-17
2.069455717901292e-16
-4.3298697960381107e-17
-8.137934770502397e-17
2.453592884421596e-17
-2.0894397323445445e-16
3.1996627569697013e-16
1.396660564978447e-16
-5.750955267558311e-17
1.1324274851176597e-16
-3.419486915845482e-17
1.942890293094024e-16
-4.5297099404706384e-17
-3.3084646133829663e-17
-2.2737367544323206e-16
-1.2034817586936698e-16
-1.98729921407903e-17
3.3306690738754695e-18
-1.6564527527407336e-16
2.7733371155136413e-16
9.947598300641403e-17
1.532107773982716e-17
1.0391687510491466e-16
1.1257661469699087e-16
1.056932319443149e-16
-4.440892098500626e-18
-2.0417001422856628e-16
-1.3322676295501879e-18
2.389199948993337e-16
1.183497744250417e-16
-1.7152945730458668e-16
-3.8613556796462947e-16
-4.263256414560601e-17
1.4166445794216998e-16
1.0791367799356521e-16
3.985700658404312e-17
9.781064846947629e-17
-4.259925745486726e-16
-9.969802761133906e-17
-4.5297099404706384e-17
-1.5853984791647235e-16
6.394884621840901e-17
2.1449508835758024e-16
-7.66053886991358e-17
-2.2204460492503132e-17
-6.439293542825907e-17
-2.793321129956894e-16
3.8857805861880476e-17
-7.66053886991358e-17
2.2160051571518125e-16
7.283063041541027e-17
1.0036416142611415e-16
1.4210854715202004e-16
-9.14823772291129e-17
-2.2049029269055609e-16
2.2343238370581277e-16
9.814371537686384e-17
-2.1083135237631723e-16
-2.304822999121825e-16
-2.0172752357439094e-16
-7.682743330406083e-17
-8.548717289613706e-17
-6.128431095930865e-17
1.0058620603103919e-16
1.4832579608992092e-16
-1.4432899320127034e-18
1.5987211554602253e-17
1.8829382497642654e-16
2.424727085781342e-16
-8.659739592076221e-18
2.1327384303049258e-16
-1.5920598173124744e-16
1.7319479184152442e-17
-3.419486915845482e-16
5.1514348342607266e-17
-9.725553695716371e-17
-1.3455903058456897e-16
-3.333999742949345e-16
9.237055564881302e-17
6.394884621840901e-17
6.217248937900877e-18
-3.7525538232330294e-17
-5.639932965095795e-17
-2.1227464230832992e-16
2.581268532253489e-16
-2.2870594307278225e-16
-1.1146639167236572e-16
3.7747582837255325e-17
-1.9584334154387762e-16
-1.0313971898767705e-16
-7.838174553853605e-17
-1.270095140171179e-16
3.7747582837255325e-18
1.7552626019323724e-16
-1.247890679678676e-16
1.3000711618360584e-16
-1.270095140171179e-16
-1.4876988529977099e-16
-4.8849813083506885e-18
1.2079226507921704e-16
-1.6342482922482304e-16
-1.0835776720341528e-16
-2.486899575160351e-16
1.2612133559741777e-16
3.1974423109204506e-17
-8.171241461241152e-17
2.4868995751603507e-17
-3.552713678800501e-18
-1.1013412404281553e-16
-2.842170943040401e-16
7.105427357601002e-18
-2.2115642650533118e-16
2.6645352591003758e-18
2.851052727237402e-16
6.661338147750939e-18
-2.5579538487363605e-16
3.4638958368304884e-17
-1.6542323066914832e-16
-1.3677947663381928e-16
-3.819167204710538e-17
-9.270362255620057e-17
-1.3500311979441903e-16
2.100541962590796e-16
-5.10702591327572e-17
1.865174681370263e-17
-1.6608936448392342e-16
5.684341886080802e-17
2.0961010704922954e-16
9.059419880941277e-17
-8.881784197001253e-18
-2.3481216970822063e-16
-2.987610159266296e-16
-3.382849556032852e-16
-7.271960811294776e-17
9.2148511043888e-18
-1.6675549829869851e-16
1.7319479184152443e-16
-6.616929226765933e-17
-2.382538610845586e-16
-1.6631140908884845e-16
1.2345680033831742e-16
1.3788969965844444e-16
6.150635556423368e-17
-8.060219158778636e-17
6.350475700855895e-17
-2.282618538629322e-16
2.5202062658991054e-17
1.6142642778049776e-16
-2.0228263508670353e-16
9.170442183403793e-17
9.481304630298837e-17
1.9806378759312793e-16
-3.352873534367973e-16
-7.460698725481052e-17
4.4142467459096224e-16
-3.019806626980426e-16
1.936228954946273e-16
4.1566750041965863e-16
-4.165556788393587e-16
4.440892098500626e-18
2.2026824808563106e-16
6.270539643082884e-16
-5.95079541199084e-17
-4.507505479978136e-17
-9.481304630298837e-17
-7.993605777301127e-17
-1.0469403122215226e-16
2.986499936241671e-16
-4.951594689828198e-17
-3.1386004906153175e-16
1.3322676295501879e-18
-3.268496584496461e-16
1.1401990462900357e-16
2.2204460492503132e-17
2.042810365310288e-17
2.0117241206207837e-16
1.5498713423767184e-16
3.1974423109204506e-17
-1.574296248918472e-16
1.48769885299771e-17
-1.509903313490213e-17
1.5365486660812165e-16
-2.375877272697835e-16
8.282263763703668e-17
-1.1546319456101627e-17
-1.176836406102666e-16
-2.1582735598713043e-16
-7.860379014346108e-17
1.6764367671839864e-16
4.551914400963142e-18
4.263256414560601e-17
-1.765254609153999e-16
-5.1292303737682235e-17
3.872457909892546e-16
1.509903313490213e-16
-3.3217872896784684e-16
3.099742684753437e-16
1.2090328738167954e-16
-1.7574830479816228e-16
-2.178257574314557e-16
-3.4638958368304885e-16
6.838973831690964e-16
-4.3498538104813635e-16
2.9309887850104134e-17
-1.0103029524088925e-16
-1.092459456231154e-16
-6.561418075534675e-16
-2.986499936241671e-16
-4.574118861455645e-17
-2.3536728122053318e-17
-2.7744473385382663e-16
-1.56097357262297e-16
-1.1990408665951691e-16
1.0480505352461477e-16
1.0302869668521453e-16
-1.8673951274195132e-16
3.4805491821998655e-16
1.7977286326242848e-16
1.9895196601282806e-16
-7.527312106958562e-17
1.6131540547803525e-16
-4.671818487622659e-16
-1.2967404927621828e-16
1.5543122344752193e-17
-1.7008616737257399e-16
-5.422329252269265e-16
-4.929390229335695e-17
7.460698725481052e-17
-5.950795411990839e-16
1.5543122344752192e-18
7.66053886991358e-18
4.2543746303635997e-16
