-3.663735981263017e-17
-2.4424906541753444e-17
-2.7533531010703882e-17
-1.8873791418627663e-17
6.905587213168474e-17
4.3298697960381107e-17
-1.8873791418627663e-17
7.993605777301126e-18
7.105427357601002e-18
-3.996802888650563e-18
-3.1086244689504386e-17
6.470379787515413e-16
-8.881784197001253e-18
3.1086244689504386e-17
2.97539770599542e-17
-1.509903313490213e-17
-1.2656542480726785e-17
-5.795364188543317e-16
1.1324274851176596e-17
2.886579864025407e-18
-4.6074255521944e-16
-3.1885605267234495e-16
5.24913446042774e-16
3.5438318946035e-16
-5.326850072151501e-16
1.723066134218243e-16
-3.89910326248355e-16
8.704148513061228e-17
-1.7319479184152442e-17
3.148592497836944e-16
7.593925488436071e-17
-4.565237077258644e-16
2.562394740834861e-16
1.765254609153999e-16
1.6409096303959813e-16
-1.8074430840897547e-16
3.1752378504279476e-16
1.9806378759312793e-16
-3.530509218307998e-16
-4.2810199829546035e-16
2.531308496145357e-17
-2.6201263381153693e-17
3.286260152890463e-17
-3.006483950684924e-16
-5.071498776487715e-16
-3.410605131648481e-16
-2.291500322826323e-16
1.7852386235972518e-16
-5.950795411990839e-16
2.4646951146678476e-17
-1.4366285938649526e-16
1.936228954946273e-16
2.9753977059954197e-16
1.509903313490213e-17
4.978240042419202e-16
-2.3536728122053318e-17
1.9140244944537699e-16
3.801403636316536e-16
-4.04121180963557e-16
-1.554312234475219e-16
9.059419880941277e-17
3.070876886113183e-16
-1.8074430840897547e-16
-4.884981308350689e-16
-1.816324868286756e-16
4.964917366123701e-16
2.722266856380884e-16
2.7355895326763857e-16
1.5187850976872143e-16
2.926547892911913e-16
-1.3811174426336947e-16
4.463096558993129e-16
3.9990233346998137e-16
2.136069099378801e-16
2.9953817204386723e-16
-4.440892098500626e-19
-4.2565950764128503e-16
-6.201705815556125e-16
2.3980817331903383e-16
1.6675549829869851e-16
-6.306066779870889e-17
-2.5801583092288636e-16
-9.769962616701377e-18
-1.2856382625159312e-16
6.177280909014371e-16
-1.0658141036401503e-17
-2.637889906509372e-16
-9.736655925962623e-17
4.8627768478581857e-17
-3.412825577697731e-16
1.3322676295501878e-16
7.30526750203353e-17
-3.206324095117452e-16
3.7525538232330294e-17
1.652011860642233e-16
-1.8363088827300088e-16
-3.446132268436486e-16
4.39648317751562e-17
-2.7400304247748863e-16
-2.926547892911913e-16
1.9539925233402755e-16
-5.579980921766037e-16
-3.9745984281580605e-16
3.659295089164516e-16
-8.393286066166184e-17
1.509903313490213e-16
3.255173908200959e-16
3.4527936065842367e-16
3.6060043839825087e-16
2.7755575615628914e-16
5.080380560684716e-16
-9.50350909079134e-17
1.936228954946273e-16
1.2412293415309251e-16
-3.219646771412954e-16
-2.922107000813412e-16
-1.1546319456101627e-17
2.473576898864849e-16
1.5587531265737197e-16
-8.781864124784988e-16
9.814371537686384e-17
-3.1596947280831956e-16
3.093081346605686e-16
-3.4416913763379854e-16
-3.181899188575699e-16
-1.8207657603852568e-17
-2.808864252301646e-16
1.1435297153639113e-16
3.19300141882195e-16
2.353672812205332e-16
2.488564909697288e-16
-2.4069635173873395e-16
-1.589839371263224e-16
1.2168044349891717e-16
-1.2301271112846736e-16
3.286260152890463e-17
-2.1183055309847986e-16
4.356515148629114e-16
-1.1546319456101627e-17
-5.062616992290714e-17
-2.926547892911913e-16
-4.0722980543250744e-16
-3.5216274341109967e-16
3.730349362740526e-16
-1.1546319456101627e-17
2.1260770921571748e-16
2.83995049699115e-16
2.6845192735436287e-16
-8.126832540256146e-17
-1.5942802633617247e-16
-2.451372438372346e-16
-1.270095140171179e-16
-4.0811798385220756e-16
-2.815525590449397e-16
1.0125233984581428e-16
-1.9051427102567686e-16
7.01660951563099e-17
-7.37188088351104e-17
-2.7111646261346325e-16
-1.574296248918472e-16
-1.1035616864774056e-16
-2.255973186038318e-16
-5.844214001626824e-16
9.636735853746359e-17
5.453415496958769e-16
2.831068712794149e-16
-1.9539925233402754e-17
2.755573547119639e-16
1.5631940186722203e-16
1.5765166949677222e-16
-3.819167204710538e-17
-2.8688162956314046e-16
-3.7214675785435246e-16
-7.926992395823617e-17
-9.103828801926283e-17
1.354472090042691e-16
8.215650382226158e-17
3.588240815588506e-16
-1.2612133559741777e-16
-2.984279490192421e-16
-3.033129303275928e-16
1.5698553568199713e-16
-2.8621549574836534e-16
6.017408793468349e-17
-8.526512829121202e-17
-1.5054624213917124e-16
3.774758283725532e-16
2.899902540320909e-16
-5.666578317686799e-16
-1.3322676295501878e-17
-1.5010215292932117e-16
-2.0361490271625372e-16
1.6409096303959813e-16
2.1249668691325495e-16
3.47277762102749e-16
-1.7541523789077474e-16
9.50350909079134e-17
-2.879918525877656e-16
1.0835776720341528e-16
-1.389999226830696e-16
-1.0080825063596422e-16
2.886579864025407e-17
2.7622348852673895e-16
3.0042635046356736e-16
-6.823430709346212e-16
-1.092459456231154e-16
1.7630341631047487e-16
-2.362554596402333e-16
-1.403321903126198e-16
2.489120021209601e-16
-2.1471713296250527e-16
4.876099524153688e-16
-1.3566925360919413e-16
1.4543921622589551e-16
8.43769498715119e-18
-3.1386004906153175e-16
6.306066779870889e-17
-2.842170943040401e-17
-2.063904602778166e-16
-2.486899575160351e-16
-1.5454304502782178e-16
-2.4069635173873395e-16
2.176037128265307e-17
-4.907185768843192e-16
3.268496584496461e-16
-2.595701431573616e-16
4.773959005888173e-18
-2.1227464230832992e-16
2.042810365310288e-17
2.353672812205332e-16
-2.404743071338089e-16
-3.6004532688593825e-16
-2.3714363805993345e-16
-2.582378755278114e-16
3.319566843629218e-17
3.183009411600324e-16
-9.414691248821327e-17
-2.517985819849855e-16
3.130828929442941e-17
-2.586819647376615e-16
2.4424906541753442e-18
-2.41140440948584e-16
3.3062441673337164e-16
-2.9887203822909216e-16
2.049471703458039e-16
1.2656542480726783e-16
1.4421797089880783e-16
3.554934124849751e-16
3.3306690738754695e-17
-6.217248937900877e-18
1.6653345369377348e-16
1.9406698470447736e-16
1.4210854715202004e-17
1.509903313490213e-16
-1.7807977314987512e-16
1.0125233984581428e-16
4.531930386519889e-16
2.646771690706373e-16
-3.022027073029676e-16
-2.362554596402333e-16
-3.268496584496461e-16
-2.4424906541753446e-16
-1.7763568394002505e-17
2.6645352591003756e-17
6.359357485052896e-16
4.662936703425658e-18
8.770761894538737e-17
-2.753353101070388e-16
1.1524114995609125e-16
-8.659739592076221e-18
0.0
1.482147737874584e-16
-2.644551244657123e-16
-3.874678355941796e-17
-1.3633538742396922e-16
-4.0534242629064463e-16
1.1080025785759062e-16
-4.0722980543250744e-16
-1.4344081478157023e-16
1.5276668818842153e-16
1.8895995879120164e-16
2.637889906509372e-16
8.659739592076221e-17
-1.6253665080512291e-16
-2.2204460492503132e-17
1.0580425424677741e-16
-1.3855583347321954e-16
3.8191672047105384e-16
2.6556534749033743e-16
-1.9451107391432743e-16
-2.1049828546892967e-16
1.3322676295501878e-17
-1.936228954946273e-16
5.684341886080802e-17
1.0835776720341528e-16
1.8429702208777598e-16
-1.0746958878371515e-16
2.5757174171303633e-17
-1.0169642905566434e-16
-2.1938006966593093e-16
-6.306066779870889e-17
-2.4202861936828413e-17
-1.7319479184152442e-17
-1.0302869668521453e-16
-3.206324095117452e-16
-7.860379014346108e-17
-6.661338147750939e-19
9.00390872971002e-17
-2.523536934972981e-16
-2.7977620220553945e-16
2.4424906541753444e-17
-6.661338147750939e-18
2.802202914153895e-16
2.8244073746463983e-16
1.8873791418627663e-17
2.9087843245179103e-16
1.5987211554602253e-17
4.0012437807490643e-16
-3.68594044175552e-17
2.6645352591003756e-16
-2.2737367544323206e-16
-2.1316282072803006e-17
1.1990408665951691e-16
1.1546319456101628e-16
-9.015010959956272e-17
1.7053025658242405e-16
4.75175454539567e-17
2.5579538487363605e-16
1.141309269314661e-16
2.0916601783937948e-16
-1.8529622280993863e-16
-5.417888360170764e-17
2.4646951146678476e-17
-4.618527782440651e-17
3.410605131648481e-16
-1.9451107391432743e-16
8.970602038971265e-17
8.515410598874951e-17
-1.2678746941219287e-16
-1.3433698597964394e-16
2.3092638912203255e-17
-7.482903185973556e-17
-6.59472476627343e-17
1.8407497748285095e-16
-7.01660951563099e-17
4.005684672847565e-16
-1.1390888232654106e-16
1.0480505352461477e-16
2.3592239273284576e-16
-3.387290448131353e-16
4.3076653355456075e-17
1.2967404927621828e-16
1.2523315717771765e-16
2.4424906541753446e-16
1.9451107391432743e-16
9.725553695716371e-17
-6.572520305780926e-17
1.3034018309099337e-16
2.526867604046856e-16
2.3114843372695758e-16
-9.903189379656397e-17
1.1857181902996673e-16
3.8424818882276666e-16
-1.6964207816272392e-16
1.4521717162097048e-16
-2.842170943040401e-17
1.3500311979441903e-16
7.971401316808624e-17
-1.5010215292932117e-16
-2.355893258254582e-16
1.021405182655144e-17
9.170442183403793e-17
-1.0724754417879012e-16
2.4202861936828414e-16
-6.283862319378385e-17
-3.6148861681795095e-16
-1.8474111129762604e-16
8.171241461241152e-17
1.9273471707492717e-16
9.50350909079134e-17
-1.6697754290362354e-16
8.881784197001253e-18
-2.466915560717098e-16
9.43689570931383e-17
4.8405723873656825e-17
2.327027459614328e-16
1.2878587085651815e-16
-8.881784197001253e-19
-1.2434497875801754e-16
2.1316282072803006e-17
-2.0961010704922954e-16
-5.706546346573305e-17
-1.9806378759312793e-16
1.1457501614131616e-16
-5.773159728050814e-17
4.2854608750531044e-17
1.2656542480726783e-16
-1.0880185641326535e-17
4.640732242933154e-17
-2.19824158875781e-17
-1.8340884366807585e-16
2.0961010704922954e-16
-2.176037128265307e-17
5.264677582772492e-16
3.410605131648481e-16
-8.126832540256146e-17
-3.68594044175552e-17
9.592326932761352e-17
2.149391775674303e-16
-1.1457501614131616e-16
1.4210854715202004e-16
2.0672352718520416e-16
1.5210055437364646e-16
9.769962616701378e-17
-4.4630965589931296e-17
8.704148513061228e-17
1.1191048088221578e-16
2.2648549702353192e-17
4.263256414560601e-17
-3.170796958329447e-16
-1.2079226507921704e-16
1.971756091734278e-16
2.922107000813412e-16
-3.68594044175552e-17
4.5297099404706384e-17
-5.88418203051333e-17
-8.837375276016247e-17
3.8635761256955445e-17
1.6342482922482304e-16
-2.6645352591003758e-18
-1.305622276959184e-16
-5.728750807065808e-17
-8.348877145181177e-17
-1.7497114868092468e-16
-6.306066779870889e-17
-9.059419880941277e-17
-2.4713564528155984e-16
6.616929226765933e-17
2.0161650127192843e-16
1.978417429882029e-16
-1.736388810513745e-16
-2.2870594307278225e-16
5.062616992290714e-17
3.730349362740526e-17
1.6209256159527285e-16
-8.970602038971265e-17
-3.418376692820857e-16
-1.98507876802978e-16
4.698463840213663e-16
2.4868995751603507e-17
-3.3306690738754697e-19
-4.39648317751562e-17
-3.9968028886505636e-16
1.5454304502782178e-16
1.4521717162097048e-16
-3.377298440909726e-16
8.504308368628699e-17
1.687538997430238e-17
-1.4832579608992092e-16
-2.69562150378988e-16
-1.0236256287043944e-16
2.486899575160351e-16
1.7630341631047487e-16
-8.260059303211165e-17
-4.702904732312163e-16
-9.769962616701377e-18
-2.5845992013273643e-16
-2.282618538629322e-16
-3.215205879314453e-16
-2.708944180085382e-16
-3.979039320256561e-16
-9.414691248821327e-17
-2.779998453661392e-16
4.733990977001668e-16
-4.285460875053104e-16
-3.397282455352979e-17
1.2878587085651817e-17
7.971401316808624e-17
-2.220446049250313e-16
1.4299672557172017e-16
-9.947598300641403e-17
9.85878045867139e-17
-4.931610675384946e-16
1.2412293415309251e-16
4.1322500976548326e-16
2.5335289421946073e-16
-1.2345680033831742e-16
-3.9257486150745536e-16
9.103828801926284e-18
-3.983480212355062e-16
-1.1546319456101628e-16
4.0811798385220756e-16
-5.612177389480166e-16
-2.3980817331903383e-16
5.81756864903582e-17
-3.608224830031759e-16
-4.640732242933154e-17
-2.0883295093199195e-16
-8.837375276016247e-17
-1.2523315717771765e-16
