-852.8449299576408
-711.669959321042
-754.1718523314563
-719.5822282800312
-558.1532956884803
-793.5231838878349
-766.220168838877
-780.6075692273236
-590.8185480205296
-735.3043645474669
-865.7587437918144
-963.5611113821797
-880.651125988074
-920.0586168777462
-966.5153490135963
-967.4840931437641
-965.6909998085763
-967.256855625587
-966.7929794775648
-967.1496137905406
-967.7900598552503
-916.1151714727367
-968.003950241587
-966.8617568914657
-967.5971679673609
-874.483206966178
-967.9817975688735
-884.1057525247528
-968.6139546185307
-879.8402401083799
-969.1660996047182
-838.3315155531262
-969.83116833977
-971.0877736673335
-971.0564257219221
-971.1578097745678
-971.0741293698131
-971.062396345102
-972.0715418048745
-971.9509269933615
-971.1802328177528
-919.5345371986504
-922.0171686948419
-972.5344632598996
-920.6020330604379
-973.169992658791
-972.7383872082964
-973.342589293009
-973.4909180494642
-973.7634305722861
-972.7425637256416
-973.5818382716243
-973.7607226260325
-924.344545839634
-973.056827380354
-973.2392462470043
-973.8892159541223
-973.1412822565142
-973.3916930241901
-921.2791840051058
-974.0724169252302
-974.3812728468663
-974.0660190140816
-974.7643497079937
-976.6257672635859
-978.248662263886
-978.8855729433415
-981.0248833477757
-980.7623559063888
-982.1366939075331
-983.245612906307
-984.0820685901168
-984.2442292839207
-984.2264630044532
-985.0377493502781
-985.4388426860103
-985.2606443723998
-983.0976868510522
59.75381623403302
93.8262359263473
98.59820599563947
98.12582684521485
100.00297899962708
97.12096658019661
123.99663013203705
157.07233239179456
143.31950336680478
156.56965760439323
164.6360284777507
149.61397962231516
144.54831454779642
141.73961744492328
151.67746366385532
144.99560964146062
133.76032597112672
134.19448520496056
135.43363860787542
137.29712341709336
135.8577284850183
129.72842599323087
129.9612041877355
135.40225583125113
136.74883359951073
128.51640951045792
129.320470285913
124.68242844706262
132.2580985131967
135.204960573841
127.0789952216816
111.23709074143888
114.41993881187594
130.25955631382385
122.64694888415079
119.98916461908819
114.54510767622325
119.98255642668755
121.41301467864177
116.34810311828689
118.41862131678052
121.77584584239716
113.64485175681895
109.4327129437994
114.8812568417395
109.66476801616948
113.7761370411746
107.36910164118152
109.27994966597383
120.4457099998191
106.86642331763584
119.60358820953411
109.86292153275377
109.18311373777925
109.44261440861123
105.91482949076912
109.4297761832646
116.72850119215991
107.80236096872027
110.6954605451331
97.50084326147754
100.63705930588901
100.60066760733135
105.41580032936427
101.73183168949247
100.1451261584202
110.40816300615514
108.21307713763353
106.24192255011212
104.64234778670684
97.97968636184075
94.88698455664577
92.41285791690004
96.26020758475696
113.39283596654668
111.67622381988414
95.35497631001091
95.9759650218685
97.3550662253016
96.23550670476502
109.35759420147772
109.18372566896446
117.02310564257277
113.71666389959032
101.05679058802878
102.01227183056677
99.55378379484378
99.62394185032618
96.79552217505258
96.2846819669314
95.92141509672192
101.569653650855
103.38619479171248
111.0248496907249
112.82878330105136
115.06629609288709
112.4991211420703
110.44021159694702
102.68297883862456
104.59818999342235
96.52674592712893
91.16652697597793
91.2055371128007
97.20503305717803
95.80097384105268
100.5361066329056
107.45631412153828
109.10129483425344
105.95182466896823
105.8513588974916
100.1295059227547
95.01742294461896
95.08507869964549
97.8236677405394
104.2854416782009
104.97043896625605
104.67917582944251
104.3966282288025
104.63606430738753
104.20953274123333
97.9254454429097
95.20442379012282
98.11886010115919
95.20136333123477
95.91787039555824
96.49624584037512
98.21332740324748
104.14439711437093
103.54824244469985
107.88554427846883
106.68516477258395
104.07947287439907
102.16631362511156
103.27170325696237
103.7206096961737
104.11804527552717
101.98618887629979
94.95191433048933
95.35629041928391
94.97261316118461
95.7066420117151
96.11807998478743
100.453629758246
106.90183946018078
103.8786386846175
107.4040502479409
92.24289197016955
93.02487412554795
85.35546095925378
83.65124347834153
86.39038873440991
92.01300437885399
97.75209229248246
107.46237882521027
108.74102410025853
107.27668868495476
97.83466659774322
99.9993897838392
101.59817905892017
107.99432732896577
99.103496534795
88.48690530106617
82.45871182329644
82.49984835361316
84.73236986080744
95.12193253918242
107.12698005383977
106.66954169176987
105.24692326589489
104.41461448274487
101.73924553404504
94.88512816612104
83.93997485360457
83.21541392700253
86.7888897491111
93.12439166889308
98.36724185258916
98.90258407387435
106.65887659152492
110.6911072701118
100.64722241663152
110.58962084096954
106.99511216571693
97.66443429790777
95.87310688511471
98.61896626104526
96.48467971860856
97.01747242416444
98.55180206124562
97.41677295321374
89.02621395354222
89.59927300918041
88.3912338201022
95.03433240582973
92.92997261821797
93.86059838969257
91.50230393556586
100.20902114072851
96.10280354094238
99.96460570718213
103.38584091453495
103.95681031445527
95.32818704867442
96.7068173183349
96.1502328771876
97.31777941756738
101.14370347574338
102.37458936046144
105.7054332398639
95.55227658143563
101.76375350969255
102.56676061653229
101.74861638336519
106.85448554132597
103.80285735944706
107.42001911655117
104.84931682971327
98.1961070975894
97.58917827626887
97.94625966570518
88.15981872186453
86.03727525779787
87.44186977901104
88.52099244309896
93.17120021779613
95.23889558687588
98.31027443887312
100.94860430882675
101.12990138839473
101.92533909300451
96.14146311368332
96.16091268692627
96.15809007474269
98.95189049509165
91.30085751922122
101.18614184738094
100.20481002767558
98.2520059299438
98.93980423919358
102.33428912939269
92.58258371238973
88.7021756648373
88.57975402111705
91.42440640293098
90.98200569981135
90.14711574193396
89.39077903046147
100.76527261831133
97.27595371029163
99.08059145644506
98.390710416703
97.9723603077483
96.27985922595728
94.41279178353325
94.82884886763794
87.45712991877411
87.75575059188739
85.06446238741066
96.78991033760316
105.69792418557307
106.87668189056129
104.14954693429664
97.9420076798668
90.2107595693759
88.42590375137115
93.68542225741061
99.65840330181007
99.32202389718016
109.41611286477057
97.2621766106164
98.49244183979083
98.1837469229709
87.42607504110798
90.67422325336096
98.44250498320493
97.41563326728465
94.87710311758575
93.44239758937596
94.0805270246263
98.61639211977634
95.99485777686633
96.88320830734772
90.70463550348207
91.06044544860002
91.06687664048972
91.5780505442619
92.35757733614345
90.51099300837913
91.2599492788086
101.58244352833897
100.95888797925386
99.36062636169756
99.8436489617376
95.76319949248341
96.23233992398461
97.06419373964088
97.15122766373788
97.11695495409985
93.83537095178599
99.32352148267705
94.8401174367907
95.2306427400078
95.1823239562791
82.26156763171441
84.5010992420525
83.44095689784737
81.1856687526657
82.70016141134472
89.55185276654998
96.97192712680254
103.7034570427548
80.69586325240857
82.63812375441728
82.97788452197841
84.74401423818966
95.5938697637224
94.84759969894573
97.74759185717917
90.80309014162437
91.4303125916054
98.27056733587452
95.79291954305825
96.01057022293604
88.06796837496069
85.98745583385005
87.10389674721806
102.62323850591189
106.99234671659615
102.69609867847166
95.42189703626562
97.38522481546451
90.27323321295935
87.043329095975
88.15797163179866
90.72409413586718
90.25793322805512
99.99596123256751
105.91288651287239
111.39011640475714
96.7109150700912
91.51534954614944
83.86693336576994
84.11933781332866
94.87378110253609
107.141965851464
106.76414839057864
102.81176488001992
97.34602396179248
93.07261940660675
93.33045357985068
87.5315404440819
87.00139822539279
87.16045943100309
92.07513915290441
95.72087422109712
106.61393246208269
111.56101050647706
112.80711874951992
108.06089368534742
101.75306308073546
96.25995985208125
95.99899105577242
98.14916829931586
97.93597341567725
98.32101418834898
91.76896818764338
89.95829742793981
88.5244207803094
85.35342358485737
90.28393376546138
97.67988449137526
98.48080658505923
97.2454815855364
96.51561263716312
96.98880191388966
98.07922224335913
101.58889967042106
110.30858689270343
96.80060826332064
89.89713907865828
86.09114879751127
88.17068314087953
94.64690633377214
107.15798144575038
110.70801816479172
101.16826708912912
99.22793606718666
93.70090985395943
90.1545760756047
102.89459036117148
107.86895069393296
103.1955465947656
95.60531174170234
97.54912728360672
96.5590327100295
99.74967353923536
100.75351812412558
107.57765689514054
100.49340838646339
111.24861096296733
107.40122363122808
106.50163343223873
105.34147837027132
96.08431758840376
97.66514483016906
88.23048045759498
88.90750867175075
99.17411167102135
99.67998140360437
103.00349549173018
111.18062773755439
95.28476044601544
101.14228633871713
102.66034424931406
114.41880511785337
113.73599632148202
112.71902605738353
110.74035953444222
101.16573596845423
101.55582041666
96.62245254313298
90.96635874441812
