-861.0017616041703
-791.492762219084
-923.5077874775556
-763.6703458360709
-852.3366837572732
-420.8549736819119
-458.09834429506
-581.2869999357591
-180.60681438729935
-189.66605793280456
-241.42345232507577
-282.4233139318947
-236.50687914714723
-375.10282783444416
-373.7256094303169
-471.7861806039964
-542.7158003110712
-556.3213229031554
-536.5838464026239
-761.989849398409
-461.82521396498834
-298.59960102971445
-208.00889979322292
-11.179358300827923
57.21709995266602
40.23012793640744
85.28794521927503
92.97601592156025
104.81831064151395
109.82415543417731
123.08982932755836
125.78512326397463
132.76906219812136
133.24172192097186
125.99783377594659
131.80272155917717
144.89025539438694
133.28153279714155
134.18132323722776
149.0913441809333
137.43292972707968
124.82972995064837
151.36238931593996
152.85883327836507
153.33902949059112
132.25421606453767
156.56612771898938
150.5974537715147
135.55422996021585
148.83507907351756
143.8649552649103
144.7314613227739
142.4458499205752
150.23543872670854
146.45586869705014
149.7158851572162
136.95111825055247
142.14781021607914
154.14350672092846
141.10624843578475
138.63769166084813
152.75984047618257
149.63544517184368
133.43348155628897
147.39341855016983
161.14652677060198
141.45515041054517
141.8987846965182
147.17614549698985
160.74543896180393
163.1643005802576
145.16158422298682
150.3857338418704
153.43560379235703
155.9827515344994
145.10161040536894
155.05592138761006
146.9405363514738
140.6986250735463
145.73040117262076
135.96723727345233
155.05321641758954
150.98351694548816
143.05432137892856
151.71489735646222
144.73267159302003
146.41297108937766
147.8389555427819
157.7937917814055
143.27925743358878
137.20371768213076
150.35082458483657
150.7438467192792
136.097713631
146.19758434857715
148.60724507579258
156.82713995477832
132.67194267542845
134.0507486592394
149.631142785732
139.82550060681888
137.46411424864414
139.8426391994222
141.85207971305894
147.66205274869412
137.72514211554756
135.42454640748514
144.83835645496208
136.94373534138154
135.82611656838978
139.79647839636678
137.82647942906064
141.08573194816785
138.36298842198255
135.31856299438226
136.74423103165773
136.11162896885557
146.75013900703968
135.49427799310843
142.29269433103252
140.04475097374208
139.5407295852341
127.11242093265187
136.3502210137909
139.5007900716191
143.86805929779766
131.41965561651782
141.5006832461182
128.47532610771484
138.9974785356813
126.49580013860376
135.4233572776774
132.53480586972316
141.7803951262042
126.53574998504848
133.75065783693933
136.2092472373343
132.53838248328285
138.7391319471935
136.11786950959237
128.8349589198887
131.90811239295195
134.21139599442643
122.01114965576767
132.37210393146816
125.58510286697565
136.2073407864226
134.7983538105292
137.37073387198834
129.17138427891345
120.65370260739795
134.55866715249746
125.76876117477813
124.71226347902763
131.84936363257015
127.02109220845561
133.99705546643378
132.1061314044945
128.1375063104397
128.5948801397472
123.75320996117443
127.94145574770897
128.21934490530114
115.23288516462925
135.6967360044205
122.99468897012709
120.62681314716998
131.01187411642184
123.79902874370461
125.2242429660587
125.12989067882371
126.84612180576171
124.1004634816947
118.65911181284784
117.39831078284398
122.72890830477412
115.93520673029677
128.1605366442661
131.56596533445844
121.44827902296446
116.11911792562451
114.01623461085488
122.56661909680088
116.86685177366154
113.94504698154527
123.01587400022446
123.42624304870382
119.99435869332915
121.15058724023048
115.96086425332493
118.91410966708227
109.28787630928517
112.77465580856335
113.7664426361511
117.94247866348275
120.33347419974041
117.51953005992627
115.2180914207364
117.70520058852927
115.03770297754171
118.34774791504982
118.73012291297889
112.5654896150588
111.9666616709016
120.58331933447654
110.68657824053145
118.12126163252917
122.85675400618997
112.87870595169635
117.01781390948784
116.12395981096033
111.60387211434383
114.61453149865316
110.50744567058061
104.64118025649321
108.72419109082814
112.57778621196475
112.8601809278858
112.81438491949011
112.87475336684967
112.4496496665203
115.2792368556771
113.39618027729715
112.20221422816792
106.89118629142364
114.32419700489707
113.64051679411025
112.9642459161746
118.36700670982204
113.83621347963582
93.77382574227788
105.70471182025513
109.57522623845584
114.27344578670369
108.96657791314577
102.50506371100532
103.54979585943522
107.40656815839999
111.61681667869723
114.9647215950895
111.84556751319752
99.87380458672864
109.22933089183134
106.56654239189712
104.38668137917448
111.32175727536278
105.8579426820687
103.41640242178738
104.6371847866254
98.21369793136927
98.93289099461488
101.3130719766801
105.56212934820542
107.2550767557304
106.79803305641033
109.42923828578223
102.78511145063571
104.46371937715972
99.58839602463668
104.28522985028175
102.3144267344256
102.25877177542061
99.72699170165488
108.77388652497515
102.554720672509
101.38196032444532
103.44881238805269
112.44857833300395
103.3793246050084
101.56179228974352
93.77743993694608
93.35187715668675
102.75987826077731
109.34819786680154
97.82434535187394
100.41595483685205
96.00231874082772
97.57290021707566
98.0879426281524
98.59574870438315
98.4529241693921
97.2748850808485
101.0689368449518
97.37155947023254
96.07763416613864
90.32378845901918
99.1723433103837
100.04180439385308
98.64280090359387
98.51574464979184
94.40776347881263
99.01201331816705
106.11505490731774
102.28457619466126
101.73971617972362
102.877721771907
104.76217110444293
93.59485912701803
95.29504506772001
90.79565012488952
89.95752161305057
101.88016965164047
100.74728307564705
101.24669235485507
98.76605179326174
93.80632171005655
89.38456788375635
91.00610126031866
95.59139360094406
99.71348490639905
98.47191537004872
99.22451027290089
92.62483789508497
85.31144933064897
92.0064317255072
92.49274277206894
96.44242738835165
96.35890971325054
99.65514976349517
96.71120502373762
86.36849325301846
85.13093509961642
87.96229642415297
89.54370195159065
92.43243474541889
94.61935069534523
100.06097886785888
98.2977972672351
92.41796599640942
90.07568425287695
91.95128287443787
87.632369695376
88.15593868884677
90.54950730383932
91.16366052658772
91.99466077240504
91.27762780695946
92.59992444721546
81.69478083116788
86.60183495964758
87.06472044762467
95.23571926719825
89.10521730305894
90.49961914535524
87.7848809570204
91.19466525230001
87.78223742870514
87.55999761856935
83.0052436641555
92.0729224036445
87.54274643085151
87.90450110083955
87.39462368821313
89.61415671136325
86.83548722026215
88.73768265170514
84.18455325154301
83.03616002903064
93.40372952399606
93.36203278002185
82.9150913499238
79.77968814754934
83.85197687618576
93.73408230076396
84.37595194827206
82.47274576635729
80.40818444508902
75.999618871842
83.62187199840359
89.44672673556528
92.04943790207376
87.19343035247863
88.12909601306993
82.07010535907911
80.75902423268016
75.73683996324571
81.18787285646113
81.49841231835998
83.78775965699889
84.35077109019853
85.73690138540566
85.0103517809132
84.7820172612425
85.06004190683154
78.9006551199418
83.0998227293766
85.5896480473157
86.94851162507496
83.93721062042135
85.50674005452171
83.07377662170374
78.20870480141924
84.48103668795922
84.53606346299802
88.2910575819749
92.99335152183258
89.69557335215865
90.78478576096312
87.52629633630923
84.74970891436902
78.53731728093652
80.23443668603153
83.15437529808025
83.70076369156268
87.83473059165125
81.71408023515387
82.03123037420445
77.54305321753783
83.34913980485828
83.39737366596802
93.38280225954244
91.3571875215555
87.37811261084418
93.17378062136694
93.71380293724563
97.88794419291042
82.59991298459059
78.02284180391071
79.55191020559978
84.64174425600066
89.181559738038
95.1268230604656
83.68796162621017
82.19027566195436
74.50020238255316
81.29438794101301
87.50014260100501
91.877816409975
88.74367018882765
89.44347518242297
87.24710261565333
86.13441570638302
84.12229213179397
84.6764632768166
75.73304315882942
75.4319468423193
80.01921427164909
81.8068135089415
81.48526234603393
90.66309053263869
90.29186029139663
88.81704140674509
77.54218051233218
79.7514277960642
85.78241844342647
94.05931422532268
92.6105728725513
80.02242058858172
77.1580005826434
80.49122643858358
93.4330603111863
93.85450440528264
89.4885151444127
88.55313791467697
81.42679200246921
81.71624154948262
85.49254303316334
84.58697421072583
86.4767379023778
87.14942736865358
86.46940726461736
92.91554676823287
82.75298012412667
85.8660028008133
88.5955549201469
90.30108037599159
88.53603131447561
93.7744252032506
85.81182057215774
81.25688069520113
89.5354718592261
93.70128860607986
92.2399242942765
88.33890745262961
85.05365174750908
92.00874837872678
97.85082738691804
100.78586579308991
92.19835230601288
92.3825946758755
90.45276289029229
86.25718223253344
96.96423456232387
89.92869242559001
88.3384849210689
85.1642384070169
101.20557936295297
104.1769690986976
94.23473444159518
89.09734955614537
86.9886781014866
91.3494682866612
94.08461102155198
98.95810149864633
99.72904454854113
96.23176800610982
85.53210386477662
87.53711011846133
95.70197764211375
90.20439758241497
