-887.1602354218998
-888.7518083365768
-966.6994791743091
-912.5202157288556
-913.8329975789668
-970.028010252965
-971.3241395360623
-969.5316549633369
-970.9872048288269
-971.1484707889788
-971.3127269751119
-971.7161752443265
-933.9859410891967
-971.8003653174956
-972.0257617183476
-972.2420365051879
-973.0312108949308
-925.3227932909724
-918.4056708259056
-973.1209182505365
-973.3986752196299
-931.0419144148143
-973.892941516302
-976.0130608455096
-977.7266300764525
-979.3894688827179
-980.392955750134
-981.5198647415303
-982.9310818208235
-983.8521840651058
-984.8839458154991
-985.5599121489962
-986.2453959882539
-986.3747482556231
-986.1823162561707
-983.4037042941403
-983.6041924932979
-983.8276772348256
-984.0175884691247
-984.1033421415175
-984.1946895712266
-984.1881269677109
-983.7926630976477
-983.2028561746149
-982.7342356486199
144.3339969122814
154.58189285610862
162.2759095144181
154.9888507766714
161.49868738000492
163.17497559265158
158.77351100011975
139.18972433338527
147.49618407464524
145.0917068914802
141.74553115788868
140.91821531761346
139.76825911268614
134.8334754156109
127.14841006656644
115.99300125570882
131.50593253655262
133.3562829262608
123.36986918977495
118.3267393324945
134.94348008162274
121.36382624314359
118.47057998369418
121.14752176250201
114.78480719736379
118.76089785796815
124.34805012712734
122.40581341039875
123.1858807217696
113.83840690121701
120.83244692884655
115.97844250597605
115.14770468683342
114.87544540633559
121.34489879701225
111.7591577045096
111.41077407812503
116.05282743728016
118.561539447328
122.03015466653761
108.981081839851
119.39375810604996
102.92118679993717
103.50678719374112
123.38552313473946
109.92342575502768
107.35279460372286
104.9816682752969
106.88712338527523
106.68813747027308
102.7775556330416
103.73557793828996
110.50497824280751
115.96412237598464
110.60657521630596
99.40073373727256
99.67423672594514
98.46323987491839
98.7271320286584
103.70888404734106
101.40548057587492
94.33597927712395
96.6113718517274
95.17541006860264
96.04145099816921
99.9482318262134
101.9375077702945
112.33279294697039
118.2228178359688
111.71046737370709
90.42333491609699
97.4769393773258
97.96730569471137
100.54596270416042
98.39937850077155
112.57732572292
113.38616153225753
110.29137574484336
112.1123240574703
103.62299067819961
97.3073401763264
94.09919966916414
100.3685274457437
101.35156388985804
113.96594052908995
109.42383583562219
112.74341357896253
102.56348878578622
90.98961677640473
88.51426955056579
95.99859934868422
95.60012060156022
104.70573512483611
107.08168980732901
105.63694578742665
103.1993536626205
96.90630790910936
95.69495029789397
93.0912814118844
93.44101460976178
103.18509175112547
109.74586001225339
98.8458749049343
113.05677467415481
103.59960651548427
101.30245182155309
94.25654292105072
96.00198007458076
89.20975076048389
95.66650315386282
91.17189783524583
95.40708661195012
100.03248582261772
94.41100076590169
96.40962520499362
88.79972607808801
94.58235757709699
97.01521900565463
106.46432075452103
104.95198309402686
96.82927349992332
94.04528785282238
88.94186047704609
89.72636537779663
96.1763610641114
101.6158080217882
94.59447922502835
96.34192882434773
111.16191394020055
108.97042986373174
106.30273959326814
106.52750646877328
109.98315445681958
111.18612118111437
113.78080960047757
102.89148438586395
92.89870053415426
94.59805811036836
89.60023626887812
94.73552723346441
94.7456351987089
98.62137657804458
106.0406759726146
101.3197579549706
98.27387869996076
89.22474582426395
92.40741036670504
89.68058756393486
104.22804293968349
94.74552964054703
100.70640313336459
114.25508123748213
111.9527203849423
110.77228197445666
105.98012246724258
110.69459629478774
111.16583548521605
110.14089796441529
103.82004678140592
100.94496576052117
93.87706137842824
90.62508454569338
95.36321617392919
101.11934184547148
106.04092281315337
105.61424259745198
109.1681197175166
104.75384971951758
103.10376641046452
100.02920486871072
94.21111791543758
92.96592079511719
96.75171946293693
96.04015933704358
95.22160818377981
106.7949701832889
109.14659408017157
102.05319119145162
97.39432881406769
89.40254730223687
102.66592280669715
92.89930608190384
90.86639204277955
92.51597116804541
97.83607519860585
103.54286930254626
106.2717821272195
106.38297315262398
103.81936869968824
111.56647351539529
99.65665480932165
113.72601673289182
101.53071249026347
102.04683104095285
100.64063726585506
98.91817833793618
100.34403815068862
99.93008583555238
99.1664061049247
98.92689589706251
102.36317852625757
100.51321372278832
103.50727279092996
104.08772596763075
104.90239781578755
100.52478712154266
96.39700209977211
93.60622000208005
95.0790527728157
93.25662183797866
94.0284798425356
94.52024172561863
93.44138348745115
96.07854826775524
105.25698597922882
111.14192003881311
107.19389879448471
96.64962681010736
92.15836035846785
88.94781353654143
85.32146447809355
89.74087950127256
83.65682769881619
93.2165732660413
106.88090475725201
108.67718960318379
96.21946613391648
94.79796059411672
96.43342523295075
91.829280979103
102.2438345359119
94.39181370821572
107.32475884165433
104.11296575562532
98.79993511805442
97.59456452958787
100.01322620129835
103.67404253571452
106.2183767485792
96.5342314177198
98.05683359665564
91.07487994827491
93.66129852495766
112.12371123203516
109.7526516371975
101.75904418650644
96.39638839107866
106.15853883735167
108.81196888156414
109.9953490308209
109.53001251597016
100.15805464327104
98.25828770562501
88.22183623249855
90.49526462956943
114.78443824430042
118.61207230218584
113.06252816964157
103.96094372274153
104.97204631743523
96.18135077140353
104.96021363481707
104.9393749674012
107.73213581654764
102.9682212005259
100.88956268234446
109.41068754340058
111.13247798750702
110.06534966733929
103.98932588101665
94.54131569306168
95.40687124960905
96.57165737058008
100.59181200549614
103.42336084807646
102.85408497189289
109.64088937336498
112.98409190789084
118.28907653706844
116.2727511754708
104.66440331892447
102.57417003368191
102.59519218274372
102.02267503689777
103.0221959124897
105.09919295127472
107.4622632417315
98.37519552254777
97.64667500381512
97.70054111811193
97.07427497047654
111.9928542375479
107.89710329759225
104.21164043663647
100.49820092519914
101.41475175649714
111.41517860197546
106.29114575234742
108.01618259804313
102.80578544186314
108.02689850180283
107.76056250147506
108.25572354311859
109.7474319379801
109.27476695387362
107.56637804710932
110.91641484513137
112.80993244173236
106.87424767012567
106.48648114728432
118.74628021600685
106.62020810832355
109.90450418973244
111.84296332296711
108.73513880219441
123.22286698757011
108.36174874921487
110.83136760596297
113.84006415465628
110.76047713383447
109.87447113358701
115.06300062491769
117.1445102074616
122.68425365169627
117.55760601247366
108.27918444191367
108.8363479943806
114.29916123329498
119.21346748250406
116.33813596836981
116.04209977412108
113.21817854786184
115.2416305426052
114.9336503134166
121.54769578581279
119.27034081481864
114.18416967124439
120.16287275731221
115.67762758220108
124.99217043138977
126.54922935154958
110.04880059444557
127.66202421582513
124.15765457858589
117.74459532447065
128.3131133277588
111.31545315916941
122.66433882137382
115.53705319364173
123.12402783628575
118.5345948728996
118.30230924163055
120.3003396232824
114.78316914447424
113.72721201848195
113.76855493867598
113.18692241691858
114.27160694962959
112.16967188421921
115.79705211857893
115.32361572505306
113.82237835077912
111.45827623568577
112.56785657190707
120.00201614595281
121.17221153397152
120.68515925527852
120.41531835957893
112.48257389722824
110.59641422932957
111.89752396665618
115.52725747361721
117.41446557181212
120.26838575508822
118.66638215332662
112.6592352958138
102.35433738549864
108.49647685263551
108.3004560193901
108.94307035580708
117.89547983030381
109.99068610776165
107.32583454923672
104.60869453334855
104.88569776276847
107.84044355165521
111.38565549212889
112.0949174228826
118.21084461991445
110.32407019121075
110.07418376355818
116.28811340233463
105.20709448033955
101.65761650037479
101.86388675721264
107.30867542989641
105.4985547634528
111.04228514770394
109.88042704663224
111.11717692137218
110.64992129119169
110.8110062268131
114.7894546779857
115.82048038402982
110.54414983964485
112.55963381012184
113.36129707778525
111.34461563677867
113.30944544464519
115.74465611452604
114.42799399846683
120.22251229503945
118.63510678816334
108.16226628616936
119.70934765582692
119.44527276017972
118.18568384173228
113.81449274282485
122.46144299140279
126.08421683684112
116.52581337478196
116.77433831177103
119.77191467521587
114.91885852681426
116.0958678946898
115.3698661990806
117.74481598163877
118.35639192580487
121.99717201960873
121.93605647426988
121.79917858529402
116.3318572902143
117.4903337287476
118.33850499191446
122.25995562041291
125.9547611458299
129.1944802749663
123.0874213889971
107.99415573022765
129.830111984219
124.75486815972458
118.33657827742209
124.00578400216207
116.35536032568407
112.52058287589341
108.72612032087515
128.21699287148525
108.63738249670901
114.21015694157647
113.12717585889982
121.86217883125154
121.45672688978895
119.24099441787534
120.12045916816695
122.46461512676663
