-863.9879260259138
-849.8384596091851
-884.2043261837939
-831.7187136325389
-893.3313604219267
-965.8770191035877
-965.7943991505354
-930.0923062871902
-891.2345899808104
-932.3202143514869
-965.5723340823079
-967.0677251164736
-884.1232593761889
-871.0230754171494
-969.4419098923348
-969.8862230655407
-879.7919463281512
-871.8963330526744
-969.2930204931297
-969.4902506033457
-969.7432473732088
-969.9938484226695
-970.4873187249344
-970.5340849915495
-872.8630884795551
-970.2158835807948
-970.0242099301873
-971.0131354330885
-971.4254543446716
-927.4908532881818
-971.9556915474641
-970.7776027885466
-971.9075725480932
-972.012647557595
-972.3839317671643
-972.2918962196176
-918.1608793675322
-972.6768577187186
-972.1311471119619
-972.4523626166462
-972.5261335848827
-974.9165079588086
-975.1097661091105
-976.8457644676706
-978.3450006686901
-979.966019817845
-981.1787582177889
-982.3222060774285
-983.3531355107589
-984.3438381085219
-985.0196901588002
-985.2725130635484
-984.5743201045786
-978.9485108135871
-979.0730847343493
-978.976152008953
-972.5851810277114
-37.247570473742016
79.45479672820787
94.4153818970205
119.56142643392812
151.60198680921417
144.9390072005591
160.10293624372787
150.2552070388656
153.82746694911498
138.5367219674058
142.80394958445498
142.26012677236815
136.7959241770956
138.4592814302608
140.89400776004516
141.72728197938403
126.91925840070301
129.24813345268404
126.31222835218611
131.2487640701244
129.24234255018578
126.08224889977535
121.04817671903092
129.02267765438648
125.37942976383808
123.79771337380247
113.2968181427287
117.26975056267112
110.84578772004157
115.66057753376822
108.69651811267427
107.83723765840197
112.19349748662091
115.022255357477
113.2796206345141
116.71927805220113
119.49191439025704
119.74027320852079
105.40643664649876
122.94283982005366
113.49262042358265
104.98791455351542
104.48237719254611
119.82669507907235
113.64446987728466
110.34844288492275
106.04385507609405
106.06712544028873
104.17936998059898
105.90718101133835
114.0376255129056
115.76396733102362
109.23343125216425
101.66158368295386
100.5645536563766
103.52277324136794
103.7987856925306
105.44922293384192
108.08091867359504
104.4463099484457
105.15667415887849
104.33645721012707
98.27766943540944
102.11393761857637
112.03071215138034
115.14136774121903
102.82329734753253
100.30639171162035
99.79987553106017
95.33745064107069
97.61943308454849
91.5243165987022
92.60857130208277
98.79810480196105
98.60416485194898
99.37134373152232
109.3309632565616
111.30939275604752
113.6453111779227
105.72993254887713
100.30503901767683
100.800018257092
93.20078464489073
95.27604023524967
95.34211547120849
104.20701135068411
104.923303963119
110.06287177383538
111.40140458019259
110.19451645548392
111.76487808468076
108.04313773874556
100.17944790635923
102.10549082389045
99.2723046775831
97.41311485474161
99.58621017448348
89.07013461911123
88.26204449222273
91.05293032913892
92.4965351243557
97.79141205979529
98.35406833028453
103.53416590647338
108.8055350313044
107.6769633262952
107.20545706892835
100.94050706465868
110.64131408601392
107.00231603516622
105.65677770025243
99.07102386213286
96.4465516263936
88.82889949619538
99.91617687233814
103.23130326939197
93.59274907448034
101.68834178050068
111.79617625654566
113.57714382400567
100.81008973500526
104.97805460274348
101.52696593946692
95.57284812231987
95.82589730510321
89.277553060416
95.64388597237414
98.59339555802072
104.39668057390259
108.27808317374064
105.22515521566352
106.69785101402191
105.27937617586366
109.99344530365107
98.8176617570725
96.12773100645342
96.40751284832686
101.88450868870406
95.890249516708
98.7227129132639
95.53470697261912
99.04816192473595
104.02507514032462
102.38343262009546
104.2594692215451
106.47007335486794
101.50954381312985
100.91618096250022
96.81101756294755
95.51678163762298
99.87362371586659
110.85712712907625
106.60420247847779
106.9933643258566
99.46095180433342
96.08938408590213
93.99652005150216
95.56961325497076
99.84142640514116
106.54752566971209
109.53186413071354
103.55642261382165
97.40579623715132
97.33746259487576
94.13807896989479
97.50790511880392
96.56788895358319
99.22882896485055
109.95245770777353
110.53379964575528
100.08003789803014
97.06533199497896
91.50264856167148
96.94401535091515
104.63590907438602
108.1684997778037
109.3642140866735
100.17455114194419
96.53100714939197
92.37342238930219
92.8647984890208
103.74900357677757
102.84239212524476
99.62687046831441
100.10398525767154
111.37611717239136
111.6387285670385
110.49919827109552
111.13557547528667
101.29407525908873
99.746107501262
91.68649586592753
122.55013048437388
117.54221598853117
110.59532024111097
101.87255077545805
103.65053783190884
92.91470640210784
105.98419375220617
96.54725488164743
93.44955895297815
97.80136838856643
105.96814851994436
111.62932063046306
116.78167878523882
125.92740703135044
110.03213086654489
99.86513182836978
94.51369723487929
98.96486447291642
101.1483333753117
103.2774890059361
116.20633879119471
115.01351238176305
103.2446330517628
113.95777745206756
112.14964798753799
108.53383174110945
116.63023059450566
110.29967007780076
105.72611182628805
101.13977087438765
100.47792595025986
97.05051131883309
93.97702920980916
97.96845451535238
101.86291351546961
101.74922430189085
109.41109581536443
110.82985560750782
112.13252132001908
109.24355590269147
109.35921044078393
107.04712269909302
100.04373446255829
110.96071276219998
100.92728495511001
90.8157270439194
102.46867469651895
103.52925327293238
95.51132783100273
97.05416523934463
95.19130032047232
101.30976198320747
100.49387083843355
107.21301699774865
113.3051301102997
109.51233573248211
111.1962099207608
109.81068536707767
98.2077398385619
94.5628766704545
95.33423147301468
88.17024143279093
87.5436157710714
93.33841070001768
107.2966367376687
110.73302982244641
109.69534677941787
110.39289403547305
103.48870829642237
108.98094285600136
108.13388034912445
110.82868486655659
109.89918315514574
95.82503297417219
92.77470016287737
101.87287563677282
109.80607192849551
94.73171998882877
96.33662801942667
98.2866739232604
105.14229848295784
106.42795470753751
104.71805066473495
97.4636205683104
94.44239153548367
96.39087535387277
97.76753536977611
93.71632112557023
94.07515522834527
94.42850737402117
103.76524982756176
105.72715219384389
103.7800672706532
102.86314005430742
103.7353269534728
91.78259885044871
91.76499023106224
83.49306755565146
84.45820932348408
94.5321732970878
96.72845024390256
107.23842389170613
108.0251915992131
108.49274865625016
97.77722374547943
95.62957140060425
86.27378876303362
86.46473926081472
86.8760253950604
93.29388368892327
94.14621733253095
97.58108313924836
88.14979526016295
88.09637822668135
91.20830486101605
87.19988650568627
88.582011164543
89.87360069757865
90.49910654661417
99.1634487484868
97.30838463537297
98.1214027916233
97.04627191676062
102.23633988270674
101.22727280978995
101.46100926624739
104.85819861426151
108.98724998951835
91.39143317040433
104.04359513840227
97.6824387971425
95.76268630082014
86.40942031277038
97.99170778612324
95.96347170538235
106.24285921598761
91.26148432115488
87.19993020689986
105.55737584263404
108.45024988200068
99.70657070975737
92.36543608580418
97.89490390476583
107.27054080680503
104.71851995282111
97.22439204394999
95.36186254064836
107.55501173176586
107.44536585766771
105.93281829316483
103.11770222311829
97.10076593198477
87.50769402881623
95.00655468782792
103.15788261362823
101.62440758330227
111.80150327582479
105.07320290217925
93.09653686726219
95.28484237850395
102.55203930341864
104.20781995686517
110.96041938284938
113.210904557928
111.38763154293056
99.03465939676195
99.58168392116472
95.07305832314859
91.78962713998214
124.3686684217237
125.44810857946027
110.66199741534028
104.2301322721637
96.8598628388254
103.69644405684707
113.27375883246839
108.5130792785362
99.65529628487212
104.67697418980686
99.32247430354789
103.97810376131658
98.96182633592127
101.90524191637482
105.63814578413209
118.49626640001564
116.6763589079742
112.07362936084407
108.15740530685397
111.0768678230841
107.95228966405422
111.76750141384466
104.48111639929161
103.92959338189452
106.15733169749839
108.64835591823133
108.66195776592589
114.92733379891865
108.69863873882964
110.67440377632724
111.1298772045894
104.84499996534866
105.89248917977149
98.5351411118842
105.78536905055915
106.15098565851743
106.45988432197332
106.92127282882784
105.97913355089909
104.09524102595181
99.92794593351377
100.14514522643043
104.2850497471763
105.40375036690094
106.88580319170677
106.87975555559565
109.79329116407064
108.2063540108038
113.69303786505701
103.71245065872981
109.38975192586122
107.27410171672169
97.80539291964146
100.91706488414617
102.64862730813493
109.10635466176457
110.5760241722506
106.3945771937309
111.62077530556334
99.15521705561818
104.77481978950827
113.62929895833481
114.27597122444301
108.98122706340828
105.43399940015334
103.217752659408
98.83848839721138
97.14148835278908
104.55165719577148
120.1965763565399
121.58941865693969
97.38103761116199
90.81180999535243
91.54755341276221
97.14563821050609
96.85248899382762
103.90964769285945
110.30464847848229
112.3861976735265
112.24526002467064
104.55589126605177
101.05994832124327
