-826.0832558258553
-778.2532091878485
-724.5410111831582
-755.3933440654909
-806.8262624754828
-727.3286408701726
-790.4596760524423
-790.1414462987672
-923.0439055545252
-924.7873163055662
-920.8828472372791
-914.9517252508869
-920.6718457603749
-922.5288209268931
-966.5110785126496
-926.5693227139141
-920.8548680362629
-970.4767273045798
-929.8648022250828
-924.5914372346573
-920.7424894613802
-971.5431473817458
-971.5984167215569
-932.3957629945712
-972.2431878877933
-972.8673805620772
-933.1052815525436
-973.4465920671657
-929.268870926617
-928.3720993904587
-973.8702170808969
-973.8458318003346
-974.2676604446948
-973.741256953711
-974.8624964762794
-974.7278002479177
-974.8902751142601
-975.2567353739325
-974.9717151139992
-975.4814143589059
-976.9591159988743
-978.7328151759095
-979.9897525943834
-981.5392244670269
-982.8142017830121
-983.8701459708675
-984.7390029585767
-985.4750161093136
-985.5824142333413
-985.6598420167359
-985.9014451826382
-986.1240856227159
-986.3114551749659
-985.2591514952865
-977.0474089339847
154.47131239934126
152.49115608470586
152.28262030243962
168.77325678852583
139.88982171555523
154.58970756970055
156.2012172325849
153.5862999084341
146.12938858566073
144.90720834379795
148.74979475564336
139.6402299683691
147.49298078238894
141.89827748808318
137.44744683342222
136.90054462541596
130.9384861026321
131.21299652656123
135.0179076464687
122.76874148469373
122.98772044731896
122.93281320062701
122.71557852653025
110.60534934872884
126.51200053418599
116.9210698847391
117.9092803182777
130.22336474216024
116.73242688071285
115.87983816237872
114.72090144673075
121.64723161092331
118.80130761558415
120.54338813342687
105.47587917981627
117.88824059350162
112.07098456621436
109.59992383390842
103.05793299891569
105.40249273371022
108.11983694624416
103.56350480304127
114.24485319848985
109.00582509767086
108.11031580977651
105.99693844558688
104.28769011629255
106.23595618435672
102.95262622789635
99.7655199223897
94.23613228514319
95.30464226163701
93.8352026349063
112.79081366773809
114.55168629727616
118.78787187645953
98.29311677630626
92.83520602608115
89.20838242475875
109.12140997642658
115.16306703465816
111.65434178262555
114.20213506947269
116.23919457255303
107.5242891688637
99.73388663026815
93.97635244157972
96.78704048741028
98.93339882104792
99.85786241009113
108.59329006846352
108.81886506691401
109.2230255318868
108.93676422159767
112.49628996708557
114.38581388130285
111.78603193521363
112.69048912501617
99.93911722212394
94.69447394413552
94.9140923036289
94.72821050083473
96.08652616330289
94.92190510686683
96.04372491863789
88.61725492047898
91.49082063751942
90.74550920958075
94.58101580349107
96.61237336531752
102.60336851344084
102.11489322089878
104.76255536477707
109.51614551509138
107.2728630819666
94.68093466463641
97.61348007045028
103.68415728738893
105.30672404747156
105.37290220924419
105.69665662253804
106.03223973151755
98.41214691299564
103.97365904051252
104.66120498438787
105.60515095161344
91.56649508942003
103.04287600681134
99.60083734641198
92.56699627500903
94.59360708780348
95.21843695309337
95.16874961316034
94.1512508521391
94.90416077444648
94.12262298532137
93.05677429694632
106.772781816797
103.61832677551429
96.840014045421
95.61978994493198
92.7191711276141
85.52303392440666
86.07347442302033
87.4701332951123
88.15185137663444
94.03220608035325
96.18374341780242
112.21591587028513
102.30644703559476
96.91353408937238
97.92652542503308
97.12704723244802
97.41684964609456
97.66394303167553
99.51598830509609
97.85288946040431
90.0490027691309
88.94979405824519
87.80420373260107
92.88430203762763
92.17152293970074
96.29591398353658
94.94342234539363
104.44095870917543
104.12867815352676
97.36663855462623
102.184483754624
104.19001548391685
106.9032208199999
102.12004270288946
105.29879987176096
103.87987235541071
93.82996980570923
87.5020406137884
85.93060820073933
87.39528882854233
93.77059325790536
85.59299314093477
84.37310352211104
93.58058376342218
92.76557569753119
93.88250403064245
91.96267433971433
93.14561579719012
94.37858441988422
92.7167610424078
93.64197705114428
94.72887725408836
98.71033608601546
100.27468006022684
99.35064449714471
100.57522237234254
101.70741993135063
102.19566721452718
103.16369448471885
98.0508327498824
98.46270416655084
92.31676964505023
92.54081722316124
88.55345980683487
89.94431003331732
90.5169023175887
90.53713436643376
99.90304305458
98.42166913956729
95.13055543297703
97.26613211867168
99.29364640325883
95.70148071069744
87.25519445244774
85.37267388329714
81.39789322051487
80.75127537931877
84.26857691324558
86.1183475221115
82.90893427907113
81.96204018997429
86.01144010437343
84.44529383728614
85.00917233202084
95.30380686652103
96.32375084235565
97.84962500861025
97.39972420325155
89.63101937030328
92.98019425152506
91.75741751259936
93.84359362585407
97.47819332333961
97.18992543912252
100.9446547769052
98.44383569989566
99.1617934894343
99.63574192149679
101.19573173913527
100.94814000402747
90.99566459705483
91.5277922465578
90.74683264672075
88.88590462148758
91.47270389970953
88.58539185931544
89.8730368762974
87.78473880632293
97.9836062251494
96.27878616619621
95.39434020171213
98.66371372811305
95.77300364286617
97.59058887081545
94.20139014430816
87.8035434336652
85.07601773160226
84.59032396430574
87.01313061048282
86.19731308011008
97.13422448612725
89.39822322105367
86.10863219564364
92.89079112877593
92.75851654668988
94.40064069000826
86.85769731501188
83.99895319186834
84.74711110965559
79.90013461219536
80.97439853298185
85.37369086598886
96.81515840170758
95.18073337776119
102.36474248472268
98.99148355179486
96.84897430164689
94.84144302058547
91.08018983849092
89.25467620678185
84.11988993587595
90.38643761670842
89.06534904975976
89.19343007780881
89.12016412708135
84.47766808171698
84.60157263365357
83.2078359664325
83.8376622855574
82.76047729815457
83.81753791128382
84.10091732643302
83.19794877668205
87.63715817344284
91.95688213564394
95.64284452781799
98.24183487909882
100.31232759939297
87.66031488796435
100.64633781994195
98.58196295528967
97.27723481026129
86.1186858386581
83.50649817913568
84.14645715166776
82.65805817604493
82.42330877537783
83.0598683927133
77.39584005309622
78.07323820805303
82.55006217705576
76.3093450590185
78.22225276066995
82.07011098387308
95.17090283357047
94.40062058335596
87.94905356244278
88.60796685317582
76.97347338582354
75.94979234588698
80.36459183730047
84.10078270745998
85.72576163111279
86.285260120972
87.7755347559934
101.06421448670186
101.0746505253702
101.06228083285339
97.21709299249068
92.00874156135994
82.92500503806808
83.62515411953741
84.88079097906997
87.72648472831926
97.05528448035214
99.6876043633498
99.13878414584366
106.03124703625035
102.32549369249688
103.00571941756306
96.70957635776523
84.3441814944215
84.00125990798702
84.67156853114987
82.59382385743682
84.0591627871888
98.50996595275586
93.25375351360229
97.39661533883518
100.05865561246759
97.16664781941849
98.6558970403883
87.18414692526873
88.79714895582511
89.76711689505063
98.53100212856401
100.63869888094732
94.33347585972034
94.59667744021756
100.40964269366093
98.1952443563975
96.16483765186129
96.77108622412808
95.93227852801344
92.41183009560108
95.31399897538668
86.08644814023313
87.12457648362252
86.41901489137517
89.34247781173593
85.49310623919821
85.5772382418895
85.85781114826136
86.16091506007233
98.79860453145452
104.56885159738488
107.23932228775789
101.48722383902455
91.79799822631479
93.28937408629075
92.34229138767407
87.47778724446385
90.60047641171809
90.32783526628903
98.09711952973782
96.82238462376071
98.25182795680666
99.03395589436441
99.46475222461464
98.5596812218307
95.97504118099725
96.07845229375269
89.4677543511443
88.87197771434542
104.89787365001058
108.12085992318346
99.2896841606739
94.29627073538668
100.34524551562241
102.39664708859303
102.85519136990663
96.29958194597641
96.7136702350221
98.60677931534053
104.25848262570368
104.0626629654924
94.30877411548202
97.84193828427615
105.94523289137321
96.39984468580617
94.35601019628686
101.22826696085568
102.52682341854985
112.46776837014934
102.60953012032058
96.23711425238855
95.19606261018617
95.70278669308277
105.95812600409235
101.16380741206058
96.05670458871472
95.34861063940016
90.3503265524431
89.23920984169806
96.88689675438832
88.37168384484549
92.17997752118742
87.64975442400436
102.64742117015123
110.38835235511328
108.98463338718436
100.65999584961847
95.22400295724303
108.74376010738305
111.50529053148122
102.43900725164528
113.15008953020974
114.72670547859555
108.78757041535172
110.52381032672479
101.55653730922985
101.73813166763716
96.98837537415528
96.66871422064591
92.76652569395046
117.33490004345988
117.02377429136918
108.2043869461625
102.40562672014353
96.07979269767819
103.59314098496532
109.3285596131736
100.56933531745578
97.34369765985285
107.71634031044401
101.33662357723303
98.90359837656604
100.02138313412692
102.55644980552188
100.79246051895679
100.99327630670564
103.7656331940353
115.51140423363024
115.53352650255037
111.94329808362122
102.31596050445853
120.26720357485335
98.7327284714548
