-858.1672942558641
-637.7934734184544
-671.900022429094
-580.5316658872969
-967.3566079580812
-968.7581504497297
-878.9372671280526
-969.0557690827127
-969.9326491421076
-969.0405123092463
-970.0892755466302
-833.2509964444527
-970.7198988023431
-969.970598051798
-970.0284880534685
-970.8830587948438
-969.3781797266602
-969.7872142972737
-923.3458142271569
-969.2107379344445
-879.0691009217172
-921.013985430668
-971.2089244374641
-971.1447958250552
-971.1397441944262
-970.6616915292046
-970.7463221063153
-970.9732994588014
-972.7840820317746
-973.8914491335709
-974.0425302422473
-973.9131347846912
-973.9586553678826
-974.2791636510944
-974.8247392844511
-974.8147918076216
-975.1472691132133
-975.8137413988076
-978.5694752655178
-978.8083950555714
-979.9787925653096
-981.4048637131925
-982.5427299311189
-983.5513337543287
-984.3004681846348
-984.9249858074543
-984.9368632418258
-982.8638325123559
-977.7512327922335
-970.277048755268
-723.9808532636694
-114.07424870383441
-57.125743497232136
-22.979630577585905
61.88146160934058
99.23919001731957
111.5460691094132
152.96966850120222
150.65271490576995
157.2295855211621
150.9979582623962
141.97924830217863
147.81457847245176
141.596220013258
131.91136542791125
145.31727480553036
135.66068791899968
137.80151428107223
128.7392403656798
130.24405731205442
128.29031053400678
127.28742034897343
126.8106068349619
128.786539399824
124.13810338859912
134.39727767376098
126.23506806646245
113.64735838098868
113.45710281304915
121.2234087331924
119.84584703024434
120.85398672589464
112.74082838723028
113.35047347117232
117.35726935872358
119.70696144141408
119.64101197508451
116.37865324253488
112.17563693317882
104.13295034122191
116.13687818424417
104.88445854729787
120.43052958077482
123.87524368106114
119.2800008129604
107.98421979123789
107.63100031635851
110.77781941287624
107.56393937179097
110.70278125941152
102.62986299175094
107.25557175686477
103.92505649142291
107.54661077566674
109.55683824994793
103.58544060896388
99.01878358956203
102.5367522504133
110.83412693718235
110.61487325731271
112.36060736228455
112.46488474338614
96.88337385482828
105.91199662866981
106.26546191243513
104.40538529144582
103.80461335869595
102.55475294802662
118.76373444513256
118.07005121818577
96.60508083132913
97.60490681581776
104.21038467488408
101.94764837811991
113.5732237380101
114.69895630465979
112.4020993549148
97.60109538050853
99.54517262215862
96.17541088310773
102.10802180692356
111.20713082825698
112.9843408859127
110.3177930623497
104.08031703719237
98.98670996284619
94.87771539370614
91.13740409368205
94.97327017417538
95.99687715281043
97.62521369190176
109.90269511300606
107.5852361308131
108.64180998664759
99.48480281298164
100.16783251701702
98.43452680777752
96.02328260407351
98.42049004563624
95.3356537571066
99.00191678052013
95.24733729411157
100.53116443739557
102.55273175111789
108.49699300310957
105.43142574023409
110.45081670827511
102.42444948580055
97.01850997463674
97.44848306663268
87.75753801261578
97.9165794707761
102.0152784091975
110.35316197062943
102.68363553861082
94.8104361011636
93.90401572801503
94.64631692839274
104.80118013545457
113.1339426062234
111.05855945862008
100.43122180274412
96.81112662941972
90.04532310141374
126.3623887878625
121.90206775410886
112.2796869146031
104.50354621844724
103.19099873226025
92.9539151103764
104.40681781083913
105.43250206987591
102.17073643145135
97.79591717015633
94.41127961885573
104.32796185760435
102.73897935353708
96.98662509949659
95.89807825312982
104.79500587593554
113.19788506681168
113.52156478632162
115.51951691208532
117.4256370304684
107.3186972269514
90.07892319375898
92.2539833164706
89.45137060573668
90.14903188478209
91.49114435994244
100.35821710324883
96.50832297515461
99.33905849344981
100.7189724572764
111.33984039025538
112.64912482201919
112.5348034873061
116.1570761287901
115.62526281012936
103.87039216863907
97.48711206600737
94.50234134658848
94.4793080894315
95.6693197171156
95.83388650192379
99.05959576274552
108.30878403589604
110.74214536832974
110.6429053810961
100.37943727502469
101.13162259925006
95.5843366995385
89.89668626603398
99.44525248826321
97.7146650334242
108.0110521555958
105.35306760548248
105.28061893715393
107.7757261952264
108.70203641227958
110.29943155964085
95.48401084580796
99.13722452407406
104.19046042019305
107.01309567436361
106.58968478236895
104.86955576316967
110.67506192410055
106.14844748888044
101.22950991692291
97.47252052591165
94.29748886910859
99.24546234456926
97.51884051142136
96.19432245012538
99.75805008788595
105.91843520776045
104.81899404705783
106.70200680402758
96.25011322109178
92.42048875775941
98.80658458661371
100.79863742488088
108.61689367567726
104.37834392241624
93.34691384670403
98.71052622520408
99.61157020815486
113.28349415746887
100.82192399413789
102.40916408241196
100.59749016481595
95.46019701410633
95.54438241224511
94.9396397176452
111.92534001786187
118.12847281554582
102.68458947615338
102.75224072524847
98.8145552203736
94.41296296805231
93.14607032674118
103.89512993008347
111.64495909884462
106.71684969458802
106.47384383148768
104.66070927608115
97.7289869272718
108.58488184240204
109.95294854940289
110.28050095236794
104.81392486969219
109.60791482866745
109.8517730462901
114.63392806425179
108.40140445050743
107.66299328969315
102.92490633616664
108.15588560487028
104.93255891965771
104.13076160785862
105.19143019307141
109.18306205686591
110.56818713622
117.0507363679885
112.70249066484085
111.82782864397188
100.58132500628737
102.44604862788395
100.87295844285181
100.24113538322915
100.04274382726997
100.43316091184622
105.93395288349598
104.37465928643516
96.4078571096922
96.7276351694992
97.19033177840329
96.9106610958734
96.7452290980901
95.69602898560956
95.2507940912151
105.15525196813012
111.44383486412941
119.84512342497814
119.92690426515537
108.1905791989233
96.48914903878836
94.69760985145686
95.07953298162424
100.60041040084485
102.17429282069503
104.70544402763221
109.59192607313189
101.4713204092541
101.93190115664676
96.21966513755919
92.77611282193408
103.35276097082397
103.54970340521886
108.27873058157661
102.79542602260469
94.0303849883007
96.02734590526464
102.60892702984358
111.91558961132864
109.7241491981215
114.61300081976901
101.83923557004421
94.38399094181969
94.98475117214535
96.98626508860539
93.33329918014361
92.1812546409751
93.60505867930756
98.2458061553308
99.66919799297344
103.69775420965308
107.55075779133162
105.15184417704207
107.06934152714302
106.14732081293813
106.14896334434765
102.21002575771351
96.22883837139399
97.29105600236078
97.62371553152285
97.62898485834837
107.64937671840008
103.53822866501584
104.20997007235184
103.77707158241805
104.45074829416974
102.89630095716166
100.51967280034147
91.82392742546335
95.46533431462598
98.00453689343547
100.21422361084474
108.19848089510857
103.51999222433736
89.79807798434507
93.9767058794241
93.61203381009634
103.50409726767946
107.26504484896788
106.95229755035665
101.57302965307525
87.34204494630572
88.01977784039794
86.94818622204946
87.85527962638851
86.22706644195094
96.23407247360016
96.27892209440817
96.18730318703744
96.50716396117265
98.96335243931689
108.9214370790936
111.39179225811732
112.40598563147594
95.7520727827282
96.63543645737587
96.57890761226835
96.48769525694806
98.59167575531481
97.27553519265105
97.07057010178075
91.59778204001553
90.59111027371029
103.34078237576288
97.8725174459154
97.71204582820764
101.13255225191432
101.8458658624706
104.95781851361316
104.39561572060244
102.35038158848569
103.36917752122214
103.2154163204268
104.37664828087824
104.99969726356926
96.71172586625882
92.4091871319123
107.65118606059788
108.01295191927697
103.00476393658803
96.16017067492406
90.7082692619
89.58010087835599
91.16948748890202
98.41510916613585
95.62959043607833
96.23180985047973
109.61768589934299
99.83496629712187
97.77108877795881
107.7865666254004
95.52037906325263
85.90110882024084
93.41558760340837
104.5140625860853
105.17231259015861
95.03396294625529
95.62241375527378
102.04581600666144
110.36677784981178
109.48417195274217
106.87945429976428
105.10354049188237
105.28767421339587
94.08891215600273
93.90559321968941
92.66496138474503
91.14371723836543
87.1670959415034
85.38051857188843
99.88391232008064
100.04164892143353
90.43511287001589
89.78589286556057
86.65289822259626
94.96882759353669
106.18002142955571
104.01102337297012
104.76157649386921
108.22465264438227
109.45339966767565
104.08516660238362
95.9514036842306
91.46411790075427
98.46118487194042
103.59274572072461
102.64346886473983
98.75975556541938
99.40824106155402
94.43215519867158
96.12718568753688
100.14173051382934
101.34608964311876
107.27777149752112
102.23966753503484
96.5734674622563
96.30387657401022
94.88768102692059
95.85158347327052
102.49841574353914
107.47753334546346
116.07276526830807
98.95592339741007
100.81530118224632
98.27253107608888
113.22181674249009
108.96250778912147
103.92503988106864
101.28583236506334
98.33331280185368
96.18375618184893
97.16897494109736
95.97767271710454
101.42208710255315
106.02112605699408
110.6694088782823
104.15943015538198
96.8753736453215
98.525096454556
99.5593774775376
110.6479139999994
110.10762331654723
109.55683469409114
