-853.7122718169492
-645.7294212724524
-665.8608743919141
-789.8294369214043
-810.1594756657363
-928.608312652516
-821.9151540838612
-748.8580433079223
-719.3320606597136
-837.9458561612336
-567.199689757823
-226.40410621083686
-177.30459480409664
-239.17554867033098
-309.202507292597
-214.9493863789343
-313.59786649196434
-114.04000384707177
-103.0973561905127
-115.32544342782927
-68.40018118601198
73.28117399578684
97.0421020225112
85.36850548744279
100.91958912779413
94.27579276682867
124.19122956659447
118.73987601545713
123.55581484658822
121.01522456952915
132.24882573367827
131.70186455620234
122.50847699868993
128.8617321065989
132.14528796856257
139.49562495650582
139.58186875286185
140.09593533991048
134.9044907373099
148.0696841106413
133.82404027751394
145.39412955994703
152.95281356136127
145.3557671929604
154.66931925379893
138.11760291640746
164.05391726821492
143.0574880896804
141.79034306858247
151.46317453281011
149.28742205070134
135.18042979752767
143.15780562668988
158.80806125740506
138.7124855489688
144.9639877885664
140.64182428774126
157.05497364879807
142.4410563750495
131.55459169651309
143.35056384434554
135.6573832745863
145.91852725821903
153.91746191072517
157.40019211471525
152.82040955227043
146.3771348477639
156.05234781665618
145.86592377780823
158.9960652893744
150.76336003460605
153.64335264939052
164.8559496866926
145.42359146822483
162.23615594020208
152.64307648320528
152.07981463030896
151.54442004516687
148.31654587652264
148.9171780565554
142.37389673640808
139.50999040822634
148.33405248389084
143.742721610481
153.934959978502
137.97903248888196
136.7083782402933
145.3950846805068
138.37050605820573
144.61391784858358
138.9507067259374
153.23344809814495
153.60818584050926
142.16728553825737
143.62194716545864
152.28171544151675
146.5714399837296
147.09544993476896
146.411953545579
142.34991041387605
144.70065158945062
130.66317804819482
147.20210353178294
141.2685477246799
133.8671755006011
139.91564384928935
144.52062228094718
140.74936724441443
143.11717791197145
139.0873556027507
144.07827352335457
138.3053794729977
126.3538617015093
141.59770304356618
136.30355735975533
138.87442368172472
141.73104912817993
139.97741603587502
130.253214323485
131.66654271154704
133.20320107309658
130.18560739391344
133.2201386664431
132.94028905222032
130.71910690744485
143.04729341676867
135.62603190112353
136.23007760341065
126.31900133440189
141.77716961403203
133.09274473951393
139.0959052257758
133.57742872607213
133.15143212799097
133.4567472673401
138.82610910983908
137.22614824436633
132.26091379422164
128.02893326787617
126.27182965271128
128.0389159519255
123.91676461980802
137.97504227423278
130.2125567365813
125.66149317469436
137.3658699575358
124.6321977250775
131.19581306256327
121.39236926079717
125.42424252644732
133.89785249922892
123.06529697996852
130.443920133861
127.23409507140546
124.41626528874622
136.26870218356765
121.39643634059532
129.0129255438935
129.66386413391123
123.71937249856215
135.75355859420947
126.83354404360219
120.75986090199936
128.28331772078909
126.4122994938116
135.26216107451697
118.61862398051557
121.00454990044987
122.02661678279755
121.78760071309175
125.48634568819512
120.00879044809201
116.98406439901187
114.59330587944892
121.29608802741234
120.16130143130916
123.03625136835558
120.40395159729559
126.87503921956738
123.00606068265118
117.5258585487357
116.14633589498223
129.89536038769234
117.91380691696077
119.4718003779884
117.91230048301205
112.64811363595146
124.09886967176438
118.95967378152484
119.57870323916988
117.60658964444697
113.65601470108068
111.93446987307075
116.11344220781864
118.35537797745982
121.84972526462884
118.44239086988301
115.2940754186866
121.59539286950032
118.32854046198015
115.05923221215652
108.34797421188863
111.66467075685502
121.50778381427756
115.51883676502891
119.87469846605158
112.38819901693068
120.8410345239195
108.09062077353441
110.54966826517109
113.38304225947445
110.21046184328755
110.2717897622574
113.22003295070333
105.43822359508661
115.75044547677788
116.92460548818231
114.45887541050426
118.6687587608927
111.96214777951653
117.33790163740224
117.91194520451101
113.07690192578468
111.26882619492227
111.23836264904821
111.56419157866975
118.19134459952919
123.3108905471389
108.29135230349875
96.22880711522551
110.00866539482243
110.39649302720449
113.72759770347596
108.83871814397428
102.58348814842512
107.4261776042468
112.47554581666746
111.26558344548083
109.14053250117514
98.01460540611725
103.71938143896847
98.79867505174181
106.06255127676849
109.77063712979529
109.63890315448509
106.60305513889196
103.20991974239975
99.62503263160413
98.6414442878635
97.29282193017892
109.16656623462225
112.11640477464032
111.46232578362431
110.31066680308922
102.93238396249232
100.46072917070393
103.18010383633445
101.10894882582241
101.68894354287319
105.42525223840612
104.64643616555281
97.67342695957139
102.42024120502656
105.16322017092918
107.93854285899087
103.50031174375154
97.88902835750574
97.95944119121563
97.25561965764902
104.76635624144154
110.06988979043011
103.97485372913249
96.2451911643401
96.84726319713442
100.8895616793038
96.55307465084628
98.15393970037212
100.40065373760247
99.1325607862067
100.24086839116205
100.62329412339969
98.59875170225239
98.05936734967
91.94511349231671
98.09870020717135
94.18686558224309
97.44568526320866
93.8905175794267
94.68159256287507
98.54970935361472
104.63684885407497
98.7833497138109
104.66626833806598
107.67884092785775
93.72387679105873
90.26576387477559
92.25896436335758
98.71009602710053
103.05336172809493
101.67402376312735
90.91868500258762
99.68398610689651
89.74986929589069
93.31337569241167
88.24618113733622
92.42030692694524
98.16864920604066
89.28958194247123
89.16721063245886
91.86460894658293
94.00419378009356
92.02627488596859
87.88717030098755
96.84440910309887
90.5337815554678
90.61740509664367
88.60391196670254
85.63905213633909
91.52765358202565
85.78801833929967
85.15143988167449
88.2867174702953
84.29333003627583
91.11793771098823
98.15351674621174
85.29518687940507
80.47102015691384
80.9562110021384
84.35900896099903
85.63202621480019
88.00230941639282
92.98107314750698
94.71552032398849
84.76956388246643
81.29282692401559
79.9053996905394
75.68958987200223
75.14051999575244
82.39755742587649
91.55873066951234
89.60435141079923
91.73343716309246
82.3753553020457
82.29668039444465
76.88046320255111
82.71318786649033
82.61706791913491
92.55030731787966
88.70130428299406
81.70931804908578
76.9616887304155
84.47107654036583
85.83822037153867
96.10135028645341
85.37561949812671
81.89505277389111
94.083922621893
83.61257516357662
85.1241840112981
83.54518049623853
91.37171861183377
90.96950315375454
87.63702113489457
87.01141904686148
85.34798998917721
86.04934781715659
86.96214920792268
82.71579259310379
78.17205501636053
80.9687613039557
83.74402170033476
82.71554449918483
85.022379527657
73.6534926947791
77.25625707140962
77.58776927912614
92.77336187329425
92.31132743304163
92.60434809891258
70.94655547086607
68.05746605861391
77.5310915761985
79.52885166141297
84.57630830802195
74.58237455336685
74.79335681387764
73.09035103592382
77.74791660716417
83.31224168491794
83.80817266051781
83.82416656400936
85.4088948437144
84.33973371741247
84.28373266908241
66.21165481390284
84.84740510382855
84.27824117532492
80.93123217174612
80.48718976216226
69.15792747565952
91.72757703241291
73.03447105267117
75.73379371666081
81.61794725275278
80.44065089368429
82.77905023067827
83.86612790100853
79.2122654707071
84.13166280067009
89.9527787703162
74.82611961193514
92.56963536850141
77.14369966099873
83.21598950159287
93.20484960669103
82.36908082367543
87.0707302107288
87.7852966545911
89.50810744801497
85.89065287163903
84.63882526530168
88.19554451037686
83.98100320383492
90.08861527134748
88.00494238637914
84.38752289141433
93.99575730407327
91.41091283188561
91.44443703825681
86.46367324035563
94.21130771501139
88.33895531016319
83.92441564212018
88.19957587507437
94.22097652794353
99.07506596418047
94.57239607839432
101.41935159417707
89.42751903882741
100.12253967603846
99.87169148667398
96.79525461798437
98.4474207538437
97.90012928388003
99.30016898588295
99.13482820403395
96.74750771204381
108.84921606866162
101.90890356924821
93.83490748365652
108.71759690866907
102.49827915834655
104.75549573375663
106.99528122750523
104.53409525162635
106.77329734594596
113.831101963348
102.8029827715629
98.70913419599236
113.16996575558248
109.50459701443225
106.55440634748601
105.43311959830793
114.24678477759097
107.35775357013671
107.63694144557897
118.05222610789005
113.09605494945431
110.24920684563577
112.80113494853637
106.12010621891217
114.11248214702339
111.9234206300944
115.54854418541929
122.92975504159777
102.64520891197151
108.95063711376308
107.84445746807303
111.38437788124497
112.0312115267702
118.84472493547146
113.41765354265576
118.23885971096254
115.62969938844942
115.85521276371672
107.73419489579038
111.87238631867248
111.48292435409307
105.53690009993205
105.36660600066274
107.9355190188112
111.98863822443992
111.47513214103975
101.35543157005584
105.75312420962692
108.00249055241267
110.94664563395926
110.37855176037925
104.02997653939727
112.26270913708767
