-819.134849522039
-670.8446652104827
-814.6529163020429
-622.0245771000868
-794.428883272103
-561.8316743347597
-856.2687021019055
-919.2755359928417
-965.0926869136158
-964.2930144069338
-965.6596870635119
-965.4342074249965
-882.2981648766532
-966.1564305475704
-967.5076176599599
-965.6337602445319
-832.6295804649602
-965.1122485039266
-964.7733336693734
-839.145688647338
-881.5530347374392
-874.5399633109354
-803.9533679309401
-965.4348159162652
-964.9792791084062
-964.162156788669
-869.30752855803
-965.9010155382206
-915.8560857781088
-962.806193264733
-769.7755459485505
-885.0945181492632
-807.0180093255457
-897.0446419099146
-964.7686682598209
-919.4953434188376
-966.2099759111355
-966.0771375705656
-964.191799014788
-919.0947112856134
-911.5063460192221
-966.7805581250792
-875.4694607782051
-967.2969858176069
-918.7063361590749
-967.6285367960651
-921.1220227716202
-968.7016301862066
-968.7029858032598
-969.228075279615
-884.43378589747
-926.5623377933066
-969.9859531732834
-967.2503488952518
-970.784972181078
-881.8577171761668
-927.5922626331935
-973.7413137593925
-972.8821520867801
-973.9478036289258
-973.9987212455508
-973.4072934755256
-976.1171368177025
-977.6234525541267
-978.8979881046549
-980.2344744224065
-981.4843325232545
-982.5257645585456
-983.2045054088803
-983.5055650437431
-982.8011009089465
-977.564179552123
132.38023992888466
136.8132054095264
140.47845691700684
150.38654102484082
165.1767410373435
152.145788939904
146.03782552915325
154.63922366490124
157.6714151011342
142.95741029741944
141.82772094767788
146.58678518338763
127.39246172816028
131.2671368646228
124.36900409546253
127.55328784230178
129.20044608025543
126.68966084537921
122.055880641264
126.38538297286196
115.3580797113798
120.21001717791604
120.8738272404239
126.29738802400841
115.93040415014444
113.12403053790185
118.03471947834107
120.60783771584688
112.29462163349214
113.6985895803729
122.07004935480023
111.44284774208775
108.95993243627208
119.00923195010924
123.39512518505765
118.83727891673591
111.23219572068308
115.90421957601774
116.34948483140252
109.60596677654993
111.96329610444822
114.43527451129307
107.81165315041977
107.9721591235755
101.18749127026356
98.43508415239191
99.58868869038987
109.95321834335714
95.41182515469946
104.56877095475242
119.88212047664497
120.84847996041648
123.82902517131886
92.58511131412226
94.19521225904683
103.88604866635046
103.83147711007992
104.91732224937209
112.710584173797
112.40639896669727
113.45508685440366
94.17869774120125
95.06996957394617
95.06723758872793
95.78368379788853
108.30974714936602
114.97848721355038
111.20860745849397
96.0874725995216
98.4764565800312
97.67824693729496
97.30576473024746
107.17791840665546
98.88318548980392
95.14299099364307
93.40522993403536
95.04172374878463
97.35417526828239
96.5474744262796
98.0861452253609
104.59804034246753
107.62886232429996
102.58517048173752
103.2997200172085
96.47642692508308
96.3362846007682
91.27766059252728
91.57520648389738
95.57621851858725
98.48580187376488
99.92287427211704
105.04608735563028
109.71765350036378
104.75142512207681
100.94386246032222
94.51828183055096
85.11747075412895
87.04844350132262
85.30530228805549
90.42736353379455
91.13577735443148
94.15163883884671
93.58007420494766
95.66764409271026
98.22516285485933
107.80021052406207
111.13978673584428
109.13790979653257
101.13796676690939
99.2251691940153
96.71031384386599
95.593306152274
86.77254345588099
87.40885535745356
87.00944449409339
86.89883592458695
85.88416735159467
90.8093742625379
92.09155407328757
98.95984714145905
96.37134836567945
96.56498323780171
103.99375390528056
106.82280840689533
98.63927573545261
92.57924254426285
86.4001962101456
86.50423339372193
85.98174575494652
87.77747942491092
87.32689240310052
92.14099124859368
95.95545720057027
97.07810621130854
95.9625738943078
95.32760245886037
97.55846344404146
96.57980513176106
98.49015876781523
101.12393598186601
100.29990857017684
91.6576638031867
86.49539105778915
91.33468508953555
89.6455085054117
90.45499112163661
89.30696143960557
88.52356679474435
89.65063757461014
89.26717869676305
89.49453638636864
90.9136114065549
90.93227165992955
93.12398024159766
91.6988359457855
91.21489976995059
91.58614978367396
96.90405864559192
95.85522179026637
96.08934551035703
94.73223350089403
95.87760915060191
95.18312474266713
96.411255822314
95.3973530620532
93.94709764625715
98.85749313607712
97.18002515068852
96.95176635519229
95.17907036394789
94.23972827223142
84.42506184047988
83.0521833219883
93.37769918595879
98.46525407559564
101.10141755075733
107.49704010482822
103.21092790373321
101.97190408076752
98.18745751478173
96.81352527014597
97.38467517212263
95.85989655205523
96.7991249624108
95.333436694702
107.46320897225092
99.72308678779743
88.95387382119918
80.20476723505517
81.25241176066346
83.76492361524396
83.5762192836934
92.56335004357736
96.47253677464946
95.30428583309254
95.97026529103148
98.29293839420448
98.29715634882231
89.4286853353469
92.54337863465967
90.54561050871003
90.24230071000048
89.69932023510727
99.78195710728258
100.62046895855856
99.55952592619762
95.11957794500333
97.34170899606556
99.29047133441064
99.94194892123849
98.27174918269084
94.40636864214672
91.99687331586541
84.51944929796093
84.67939063549876
89.67165141777375
84.19898402354568
89.70083276906158
101.74543022083124
96.00285920074873
101.07749022309153
93.10966835741092
90.69980423212532
89.9607702065391
88.34855524476575
89.14309438520156
95.63987192192158
98.31701135956446
100.76216639749238
94.48625805199944
94.6324833553139
97.00177663333714
97.34950289916631
101.70591946101233
101.48658514014417
92.75685471018167
83.49327876616331
85.06054070394032
85.02553405101646
81.88011534437727
99.34855448781859
89.00224645526595
82.56830872827821
81.37800702368908
84.8463289963089
92.93923392887349
95.31274553653837
95.37079573506622
100.30015041306606
90.354944520309
88.87872462342615
98.62732864888656
96.97797910010975
96.25639335468843
93.93029904023388
83.97880551797874
91.6075612554085
99.31291433039449
101.9122845469745
100.54500620012554
94.3177607680275
93.5417490370225
86.55845237097085
87.12664413237583
87.23882650309957
97.32913747349683
106.89266601546355
102.1245348483719
101.87138711348253
100.90165735666366
106.33954836855115
106.64976176189937
106.39744144446234
107.49581056468254
99.30113281648717
97.66432545541409
86.41227822811751
86.5651616099734
88.22285744122443
90.42413423617089
100.23587902260313
101.82584257924482
98.84405061565441
97.66514798557077
99.20503786456821
99.18002128893578
99.28275720435681
91.8745680698052
91.06539677009839
88.03900955560023
93.19192992609499
89.00969869037979
92.87751865241492
92.09735971639186
99.09234871093956
100.46624157854733
94.3106792864171
97.44025605540935
94.38217116270602
95.19137484495228
96.0572718230771
93.72788313924652
83.4460274105967
83.93015219222872
84.99722989135466
80.94418591365906
78.7986849149287
84.86141785898756
88.41967315602452
85.13698004660107
81.20791037903899
84.46655787034427
84.80187297683119
90.30898292498325
95.3532255701553
101.20901906648457
102.22168806809312
95.67673953112349
95.97650743626731
90.2123326126795
90.09641087398087
97.73173349119762
98.57645883676726
95.97097439502198
92.85029865157095
86.56471006942967
101.82055665557696
94.35931456558228
87.36751521146378
98.8643104005775
99.0110455492075
100.93439010126451
104.46401133393142
90.15983054532376
84.13582946436767
91.79900271873888
92.56104401397381
107.43353118512185
106.05621647187137
96.93500695498548
93.76985566401557
91.8741071595205
104.15295247395163
105.68375607424575
103.43463787724517
97.14122215994165
97.79274994800737
96.61371864087126
107.05735673928729
104.54226581386361
101.88324135547474
97.82531895373795
92.84627202726924
95.51994775948246
101.12388044582865
113.9720718894616
103.20763697335803
102.57496544612127
99.43817164803906
92.20751776158342
113.440285793108
113.85581807113938
104.71129335303112
93.23446162187918
93.85597549217132
101.82007564550426
107.80123866523577
109.72753009695573
111.0919486007866
110.96166980296485
103.23524110259541
93.76468877928897
90.94731761273924
96.98713405536068
106.17003099583303
100.54777619568958
94.9084201766476
96.60085407143679
88.82424107886106
105.16756147102599
113.4549735083488
104.82779389550429
102.33741049084281
102.14462252934172
95.85095265547065
102.85913260210415
100.00048322527088
118.2235179754015
111.57740846836032
105.13426817656516
109.96359923816297
117.31329612904692
112.14107079035303
112.924216572421
99.10542370942676
103.24978981836959
93.36213662139843
103.79033287566187
109.71413966027123
112.01861730970845
100.94849261859802
103.33336061789696
113.92429922493298
112.97908268697832
107.48629582682011
97.24061533879066
95.35373848047051
110.07530144979675
100.20523948238684
99.23016818450643
93.93125498457256
105.64631438102079
114.10344232791431
113.84920526987887
105.37588438372752
98.55073947381395
100.16266817270555
102.75258338698237
109.26468733824052
110.94840198101596
109.61637979231712
105.04929364337559
102.3021706677263
93.05560201941957
92.59091662264939
93.52237349094818
94.08718925949856
93.56940736319942
