-858.9926227538663
-730.0730383215321
-593.6887132985764
-691.8923160893012
-488.0637628622367
-512.4717882790229
-536.0131682392544
-785.169103252702
-848.8021616752179
-845.9876509871995
-898.4600042017074
-839.7010113884652
-936.4385797405155
-917.9933850751896
-966.1890221353135
-966.6817338011476
-929.7769027778079
-922.270802538413
-968.1742870336484
-914.1705657684475
-914.3943053239425
-969.3196193150167
-969.3592925141927
-969.3461966252031
-884.0501558796547
-968.1353251588774
-874.9467753380075
-925.9588473615086
-971.9144453161773
-971.6964218632138
-926.5063178492703
-889.7387332458762
-972.6907615792367
-923.8323826213671
-973.1953372028659
-972.7508662148106
-973.6948375066088
-973.6535378781133
-973.9493313553739
-973.537553658907
-974.2885739209557
-974.0283231862575
-926.1126475954819
-974.2363462242553
-974.6954411033154
-974.0600150455855
-976.8543147149743
-977.014191157364
-976.6306302246306
-978.7323255939802
-978.7334471397614
-978.8588820976025
-979.7135100786084
-981.560013160077
-982.5879559049954
-983.7450267648376
-984.4358812133747
-985.2416867301241
-985.3594343840726
-985.4480295524327
-985.526294909502
-985.7512696692165
-986.1009426722079
-985.8040767616925
-982.984228951891
119.75958195065814
146.3254747534984
125.21470425091677
137.62714126603092
142.52046826530693
144.25366418539645
152.5529854133944
157.97658454263376
159.20219717559488
159.8680279747519
156.76242647580204
152.24289939767596
140.46252621487835
133.83507075955967
138.25913596878235
140.45050159179578
131.47368680468398
123.62557873234111
127.6149548267541
131.88294494704624
131.69556598535013
130.63545653806375
124.51715611725139
129.17329762492813
126.12853398652454
115.52209628052138
134.47253944526963
133.52865651252458
122.57105321177445
116.34736435347162
117.22528177048406
124.89520106909458
110.04950732850237
121.23853600089964
109.6031861192798
112.2414037885368
113.58759867533382
116.3906070911907
121.09489342358889
117.91829970014538
112.08031970091389
105.49104859351785
122.63397311001603
108.52349723386551
107.15010583603643
114.39291054778039
108.45638257015513
114.07931039945501
107.11921632309445
108.28036877914651
111.5228779361609
105.49765386492504
109.10808155042432
109.44917352852111
103.75979607639574
103.3152623461143
106.77405617260402
102.96952111734149
103.87926611159465
101.88481750190458
105.9850051401312
106.82736292693411
98.53394797440164
102.6432753145205
109.76940353313171
107.28578829540379
105.3784417184376
106.64517718852213
97.86754543547661
100.59001721290299
114.3456946978637
116.88534401738892
122.7067323210692
123.5597442898285
118.50479655628006
116.78268766356364
108.30831704522909
111.08804718383256
104.05683598552343
102.668175270472
98.2681107357286
96.23412692936772
96.99718797100186
98.31815581491483
103.84962738926212
113.64882974713714
112.25039824458572
110.23131118990246
106.84766504471204
104.3031751473324
100.63767785347838
98.88709657313385
96.07294987134298
97.40806503728825
94.7425002912417
92.7982170717681
94.05421544078092
94.38373316951035
101.88100955761584
104.01819208663417
105.11297822181655
108.12627258414966
111.75882506903278
111.541366328046
109.84768766269099
111.32367508245241
103.39527475369536
93.70944736481405
94.96103136012837
96.86073303442659
94.95610221382228
89.46525753710202
91.46979981236129
94.04173709080293
100.24352861719635
101.72392927024501
106.17968803358363
106.94448840039881
109.5404146319732
101.82595179157559
101.15547806771065
95.885298681816
96.27414050329504
96.77804299106268
97.55307645227235
101.81491459442967
104.56976993762343
106.80696938149184
103.47713565602402
104.12876386012515
104.38051031686113
98.1483467230361
96.59606982476099
93.49838554325281
94.03003669171825
96.04484345582173
95.87066198470674
96.8590985092011
100.06829104581595
108.34077265727421
101.43422040716139
107.10281298375978
107.51472216746723
105.59256131892585
98.40145935031187
94.04302940246096
85.70386289354413
83.98550071327337
85.60877637191348
85.74221401605867
87.84892146955845
88.27210851856853
85.8050098788425
87.10535747412358
86.70467578797374
88.4790508258645
88.07452392465116
89.95513234659678
90.21984560395559
98.15297285221683
98.30136634805757
109.71643504746419
112.93727644192806
110.6427185897689
111.61084917318718
101.61790067260083
94.70923837668087
96.07056451097509
97.36757544070134
93.36749844577349
93.04414712306419
94.53811595492371
92.71997386293013
89.87823202795371
91.02235604241953
91.40120935946052
85.5046545499724
92.537694241569
100.67231040665878
97.99182977487342
97.84227975984118
98.01662597617191
101.53805134872724
100.58681946448853
107.70820641644747
108.53280799651651
97.07689406575653
92.66811687731645
85.77403693271765
88.02372764137723
106.71724198687092
104.74615016612158
103.09178015104958
96.6002555327403
91.31548459552495
90.75515215104492
87.46717384472012
87.70810203074022
87.47159627837011
95.24499892559581
95.75520321355118
97.09260538174108
96.50803965857776
98.0663568602655
99.98295270408207
100.2092798588047
101.97967094532079
100.18545008394128
105.26465589246438
105.90988339323309
105.68084224956003
93.59734405061127
86.04427900747277
102.35705338571618
100.30924288748609
97.86149854139613
103.88817829950571
105.62869473549557
101.78940756045903
96.84961956295129
90.52623434439704
90.14927448611947
86.13602682961142
90.53590799264514
93.79960294748335
90.9427608034908
98.47524293581984
93.31963633018056
91.3425227970162
91.8098042661598
97.60364742120645
95.90884008480303
95.22751580633778
100.42337814885285
102.55219534668205
102.88572094428199
104.27280479315318
107.68195014130436
92.36006249361566
93.42763317714555
86.84298636938779
85.63080677472662
87.04898600112429
91.74308510158498
100.46836038433386
95.68478806550101
97.83171821863897
96.62908350056529
96.98177441332442
99.62294136599307
98.75878148921743
99.63751471978303
88.28063671247033
88.2382177259767
91.72814355856968
87.25806553712711
88.38395673354576
97.39628681600965
90.49657688775608
88.7085464923398
90.99867484621751
94.21764346666475
98.4152914072126
97.94081306002677
99.10309357834902
102.03723689289104
93.91140743575195
96.29149859707435
97.05662568487949
101.54231593706612
95.6818611079365
99.87520936594129
95.81223717891567
94.99494401094665
96.240350134339
96.71112631048179
97.74469870924703
92.6669556136269
92.51424794189474
86.32056805153974
85.65427005952425
87.924775189447
83.46479811399567
81.3744455824871
79.99843209948128
89.40932581763468
90.35976742867658
97.38263732938552
97.70224756397702
97.74381207194475
101.88635566607132
102.14456828582009
103.29692613512401
99.76270129680948
104.93046327215954
96.56159063588282
99.76234154856729
95.4636894474698
105.78970152719606
105.21506983225504
90.11826027561995
83.9533138224351
84.98203567160378
84.63792684635429
80.8575098892069
84.53941334770012
83.94257013969235
93.75727065391901
93.0167086536103
97.90064689376935
99.97541882444966
93.37857570427998
95.87943913975353
89.16708509933679
89.80550594516933
97.88037633377982
97.28533754322544
95.9926114913811
102.53743933404157
98.82736797589668
93.01456799659977
88.64715049073321
90.60227851048472
97.32756637903937
89.09322804913204
90.06222533798835
89.6841002976017
90.37037672849466
99.59507941606536
90.09168948062785
88.38087598909475
90.9554022896261
89.48685973944617
99.58168607735885
100.24509723660844
98.56856672300992
96.31080948619284
93.82510335605893
89.57603210307818
85.80180962325177
102.22255090769771
97.58955155555512
91.77205634325969
107.46644736163942
105.55074914678256
97.90619662752357
101.54856491464939
103.82865862834736
103.01345021454176
103.97168573643762
104.10263711290933
105.69920904590478
105.33836034173288
98.08156275505897
96.82885361904431
93.60811582297352
85.33692886715573
86.51547742465307
86.21109095160453
86.51352580315232
88.5415263771578
87.88151788515913
92.39616146906437
93.98686224870332
93.5743634362583
93.39940460330341
96.61577563600368
94.93040407386874
98.59842861689269
98.91743555997627
98.73217481086847
100.19655381686923
99.16764833738085
92.67785413307483
92.35947140868642
88.9682097160219
87.54629977981321
89.47882601121431
91.08043859012506
88.78543365134641
88.72794459739033
99.82906925507336
94.68430147139341
101.59665713908635
97.16635157855274
97.62613873318128
88.02008343152275
90.01075288667407
101.4337933932523
89.84419448532647
92.40372381144296
91.23843484339497
92.6231944893433
100.32389782766012
98.45298346071267
98.93665173755888
98.53654563373865
97.46187897372012
96.73660438497211
85.58986411779563
88.03895343169866
105.19763028317912
102.5046830010797
101.40975011948107
96.4326471406587
91.48172016152293
87.87453939401395
88.01550348167373
98.20810433737428
97.86879676188258
107.3254006964061
96.8742772552045
98.91221082382317
113.18612900820564
100.82496324210186
104.94572086668514
92.38407448796622
89.03526040976688
93.04281647112448
105.33215789713343
109.16922860366705
103.87182169040072
93.97739094149726
92.2589496341032
92.18770528404558
103.64201886054285
101.06997595981684
104.88950237264325
95.39670991380889
96.57370491522633
99.92716538101283
104.6606143247934
108.4001321262039
97.082134490773
97.23520780157553
