3.3306690738754695e-18
-5.1292303737682235e-17
-1.7763568394002505e-17
3.7525538232330294e-17
-1.9428902930940238e-17
2.398081733190338e-17
2.220446049250313e-19
9.325873406851316e-18
8.704148513061228e-17
7.105427357601002e-18
-6.439293542825908e-18
-9.769962616701377e-18
1.1768364061026659e-17
1.2212453270876722e-17
2.9531932455029166e-17
1.865174681370263e-17
-1.865174681370263e-17
2.7533531010703882e-17
-9.103828801926284e-18
-1.9317880628477722e-17
6.217248937900877e-18
2.668976151198876e-16
3.7747582837255325e-18
1.652011860642233e-16
-2.7355895326763857e-16
-3.597122599785507e-17
5.015987625256457e-16
5.3290705182007515e-18
-3.7125857943465233e-16
-7.198686091669515e-16
3.4061642395499803e-16
3.423927807943983e-16
1.461053500406706e-16
-4.596323321948148e-17
-3.135269821541442e-16
-2.5224267119483554e-16
2.4202861936828414e-16
-2.7711166694643907e-16
4.913847106990943e-16
-6.985523270941485e-16
-2.1760371282653068e-16
4.820588372922429e-16
-8.102407633714392e-16
3.339550858072471e-16
-2.027267242965536e-16
-1.170175067954915e-16
-1.2412293415309251e-16
-1.7830181775480015e-16
-3.1308289294429413e-16
2.318145675417327e-16
4.840572387365683e-16
1.8474111129762604e-16
3.26405569239796e-17
-2.3159252293680764e-16
6.254996520738132e-16
-2.042810365310288e-17
-6.217248937900876e-16
8.140155216551648e-16
-4.4342307603528755e-16
-4.085620730620576e-17
2.6156854460168687e-16
4.54081217071689e-16
2.0872192862952942e-16
-9.459100169806333e-17
-4.4408920985006264e-17
1.0524914273446483e-16
7.194245199571015e-17
1.4122036873231991e-16
-4.1566750041965863e-16
5.853095785823826e-16
9.769962616701377e-18
-1.723066134218243e-16
-3.2218672174622044e-16
-2.6645352591003756e-17
2.2426505097428164e-17
-4.496403249731884e-16
-5.67768054793305e-16
2.842170943040401e-16
-3.8324898810060403e-16
3.1752378504279476e-16
-8.615330671091215e-17
2.8110846983508964e-16
-2.1738166822160565e-16
-2.702282841937631e-16
5.853095785823826e-16
-8.548717289613706e-17
3.8657965717447953e-16
2.3447910280083307e-16
3.5993430458347575e-16
-3.588240815588506e-16
1.6253665080512291e-16
6.705747068735946e-16
-1.0391687510491466e-16
-1.225686219186173e-16
5.800915303666443e-16
9.769962616701377e-18
-1.7763568394002505e-17
-1.509903313490213e-16
6.350475700855895e-17
6.306066779870889e-17
3.5260683262094973e-16
-7.105427357601002e-18
3.952393967665557e-17
1.922906278650771e-16
3.906874823655926e-16
3.4994229736184936e-16
-4.161115896295087e-16
-7.66053886991358e-17
2.531308496145357e-17
2.0028423364237825e-16
4.0722980543250744e-16
2.007283228522283e-16
-5.995204332975845e-18
2.392530618067212e-16
-2.753353101070388e-16
1.9828583219805296e-16
-3.6370906286720126e-16
2.6645352591003758e-18
-4.725109192804666e-16
6.572520305780926e-17
-3.0109248427834247e-16
-3.717026686445024e-16
-1.1235457009206584e-16
-8.881784197001253e-18
1.2301271112846736e-16
-3.312905505481467e-16
1.4166445794216998e-16
-2.0738966099997925e-16
9.192646643896296e-17
1.1102230246251566e-17
1.9140244944537699e-16
-7.167599846980011e-16
-3.1019631308026874e-16
9.769962616701378e-17
2.2137847111025621e-16
-4.138911435802584e-16
4.596323321948148e-16
-3.4416913763379854e-16
3.1374902675906925e-16
2.0228263508670353e-16
-3.108624468950438e-16
1.936228954946273e-16
-7.94919685631612e-17
-3.3661962106634747e-16
-2.1049828546892967e-16
-2.984279490192421e-16
1.98507876802978e-16
2.3581137043038326e-16
-8.704148513061228e-17
3.730349362740526e-17
-3.819167204710538e-17
-2.595701431573616e-16
1.8696155734687635e-16
3.1974423109204506e-17
6.439293542825907e-17
-2.1271873151817998e-16
-9.203748874142547e-17
5.451195050909519e-16
-7.727152251391089e-17
-1.6409096303959813e-16
-5.684341886080802e-17
-3.3217872896784684e-16
-3.241851231905457e-17
5.728750807065808e-17
3.7347902548390265e-16
-2.5757174171303633e-17
-6.705747068735945e-17
-2.7533531010703882e-17
-5.861977570020827e-17
2.575717417130363e-16
7.30526750203353e-17
2.318145675417327e-16
-1.13464793116691e-16
5.773159728050814e-17
2.597921877622866e-16
2.5335289421946073e-16
-3.019806626980426e-16
1.8429702208777598e-16
-1.5365486660812165e-16
-3.872457909892546e-16
-1.709743457922741e-16
-1.496580637194711e-16
-5.879741138414829e-16
-1.7141843500212417e-16
6.705747068735945e-17
-2.2648549702353194e-16
1.1501910535116622e-16
2.3092638912203255e-17
-1.1324274851176597e-16
4.4630965589931296e-17
2.404743071338089e-16
1.7275070263167436e-16
-1.787459069646502e-17
-2.3092638912203257e-16
2.9110047705671603e-16
4.507505479978135e-16
-4.118927421359331e-17
4.440892098500626e-18
1.7275070263167436e-16
1.687538997430238e-16
5.924150059399836e-16
2.950972799453666e-16
-2.6645352591003758e-18
-1.9984014443252817e-17
4.356515148629114e-16
-5.706546346573305e-17
-2.390310172017962e-16
4.505285033928885e-16
1.5853984791647235e-16
-3.241851231905457e-16
-2.6290081223123706e-16
2.574607194105738e-16
-2.1693757901175558e-16
-4.3520742565306136e-16
-1.1546319456101628e-16
-1.504352198367087e-16
-1.4310774787418267e-16
3.481659405224491e-16
1.318944953254686e-16
1.9761969838327787e-16
-1.1723955140041654e-16
-3.3573144264664734e-16
-3.2107649872159526e-16
1.0613732115416496e-16
2.647881913730998e-16
-4.2299497238218465e-16
-2.233768725545815e-16
-3.730349362740526e-17
3.836930773104541e-16
1.6564527527407336e-16
1.645350522494482e-16
-3.5749181392930043e-16
-3.4638958368304884e-17
2.687849942617504e-16
3.086420008457935e-16
-2.5712765250318624e-16
-1.865174681370263e-16
-1.8207657603852566e-16
-8.748557434046234e-17
-3.153033389935444e-17
-1.1501910535116622e-16
-8.848477506262498e-17
3.6237679523765107e-16
-3.206324095117452e-16
-3.737010700888277e-16
7.815970093361102e-17
-3.819167204710538e-17
-6.106226635438361e-16
-2.415845301584341e-16
-1.474376176702208e-16
-4.727329638853917e-16
-6.572520305780926e-17
-3.1041835768519375e-16
-4.742872761198669e-16
7.993605777301126e-18
-4.218847493575595e-17
-1.9406698470447736e-16
-3.133049375492192e-16
-6.060707491428729e-16
-1.652011860642233e-16
-7.638334409421076e-17
2.1760371282653068e-16
-3.3661962106634747e-16
4.1744385725905886e-17
9.414691248821327e-17
1.652011860642233e-16
3.641531520770513e-16
1.4477308241112042e-16
7.505107646466059e-17
-1.687538997430238e-17
3.3084646133829665e-16
4.589661983800398e-16
1.312283615106935e-16
-1.183497744250417e-16
4.356515148629114e-16
2.6867397195928787e-17
1.4765966227514583e-16
8.43769498715119e-18
3.7525538232330294e-17
-2.042810365310288e-16
5.349054532644004e-16
-1.270095140171179e-16
4.418687638008123e-17
-3.552713678800501e-18
-2.320366121466577e-16
2.9443114613059153e-16
2.495781359357352e-16
-6.439293542825907e-17
-1.4432899320127036e-16
5.062616992290714e-17
-2.9665159217984184e-16
-4.085620730620576e-17
-2.8199664825478977e-16
2.3847590568948364e-16
-3.0908609005564356e-16
1.3600232051658169e-16
1.021405182655144e-17
-7.460698725481052e-17
-1.0436096431476472e-17
-2.2248869413488137e-16
4.440892098500626e-18
1.949551631241775e-16
7.505107646466059e-17
-4.3298697960381105e-18
2.176037128265307e-17
-5.062616992290714e-17
-1.8596235662471373e-16
2.460254222569347e-16
5.484501741648273e-17
-1.8207657603852568e-17
-4.107825191113079e-18
1.4210854715202004e-16
-2.438049762076844e-16
2.4458213232492197e-16
-2.502442697505103e-16
-7.904787935331114e-17
-1.6686652060116102e-16
1.5587531265737197e-16
4.507505479978136e-17
1.829647544582258e-16
2.2382096176443156e-16
-4.675149156696535e-16
2.753353101070388e-16
-9.792167077193881e-17
1.034727858950646e-16
7.105427357601002e-18
-2.0916601783937948e-16
-2.475797344914099e-16
-2.9309887850104134e-17
3.9968028886505634e-17
-2.653433028854124e-17
5.639932965095795e-17
1.5454304502782178e-16
1.1723955140041654e-16
-1.3322676295501878e-17
7.727152251391089e-17
2.1160850849355483e-16
-9.237055564881302e-17
-3.8635761256955445e-17
2.5690560789826123e-16
5.329070518200751e-17
-2.1183055309847986e-16
-9.14823772291129e-17
-8.804068585277492e-17
-1.1168843627729075e-16
-5.2402526762307386e-17
-1.630917623174355e-16
1.2878587085651815e-16
2.8754776337791555e-17
-1.8607337892717623e-16
-1.3455903058456897e-16
-2.2293278334473143e-16
1.7763568394002505e-17
1.7763568394002506e-16
-1.0635936575908999e-16
-1.1457501614131616e-16
-1.1812772982011666e-16
-4.031219802413943e-16
-1.438849039914203e-16
-1.9273471707492717e-16
2.5757174171303633e-17
-2.1316282072803006e-17
1.7186252421197424e-16
-5.484501741648273e-17
-1.0191847366058937e-16
-1.5631940186722203e-16
5.3290705182007515e-18
2.291500322826323e-16
1.7763568394002505e-18
6.750155989720952e-17
-3.539391002504999e-16
1.7008616737257399e-16
-1.1768364061026659e-17
-1.2878587085651817e-17
-1.687538997430238e-17
-4.4009240696141205e-16
-3.3351099659739703e-16
-5.329070518200751e-17
7.993605777301127e-17
1.6342482922482304e-16
-2.2737367544323206e-16
7.993605777301127e-17
2.913225216616411e-16
-8.038014698286133e-17
1.5720758028692216e-16
2.6645352591003756e-16
-1.0880185641326534e-16
1.0835776720341528e-16
-6.750155989720952e-17
2.7355895326763857e-16
8.704148513061228e-17
2.8599345114344033e-16
9.026113190202522e-17
-1.2345680033831742e-16
-2.7622348852673895e-16
1.1124434706744069e-16
3.441691376337985e-17
-1.1435297153639113e-16
-5.284661597215745e-17
-6.661338147750939e-19
-3.241851231905457e-17
-6.661338147750939e-17
-5.206945985491984e-17
1.5987211554602254e-16
-1.8474111129762604e-16
-1.532107773982716e-17
6.439293542825908e-18
1.5998313784848506e-16
-5.5067062021407764e-17
-1.2789769243681802e-16
6.750155989720952e-17
5.861977570020827e-17
3.006483950684924e-16
4.063416270128073e-17
1.1035616864774056e-16
6.972200594645983e-17
2.0605739337042906e-16
1.8074430840897547e-16
-3.9745984281580605e-16
-1.2034817586936698e-16
-5.773159728050814e-18
-1.0080825063596422e-16
1.1257661469699087e-16
2.6645352591003756e-17
-2.0117241206207837e-16
-1.0880185641326534e-16
1.8540724511240113e-16
-1.1013412404281553e-16
8.182343691487404e-17
4.274358644806853e-17
-2.1738166822160565e-16
1.6653345369377348e-16
1.9118040484045195e-16
-5.551115123125783e-17
-1.909583602355269e-17
-1.0125233984581428e-16
-1.509903313490213e-16
2.1316282072803005e-16
3.659295089164516e-16
-2.531308496145357e-17
1.1679546219056647e-16
-2.415845301584341e-16
1.6353585152728557e-16
5.5289106626332796e-17
8.43769498715119e-17
-6.705747068735945e-17
3.8635761256955445e-17
-2.637889906509372e-16
2.162714451969805e-16
3.419486915845482e-17
-7.327471962526034e-17
2.5668356329333617e-16
-6.972200594645983e-17
4.884981308350689e-17
1.6653345369377347e-17
2.6290081223123706e-16
1.2390088954816748e-16
8.126832540256146e-17
-3.375077994860476e-17
-2.1604940059205546e-16
3.552713678800501e-17
2.327027459614328e-16
7.638334409421076e-17
-1.2434497875801754e-17
-3.907985046680551e-17
1.2967404927621828e-16
-6.983302824892235e-17
-8.215650382226158e-17
-5.3734794391857575e-17
6.705747068735945e-17
-1.8363088827300088e-16
1.8895995879120164e-16
4.04121180963557e-17
4.846123502488808e-17
-7.327471962526034e-18
-1.3500311979441903e-16
-1.674216321134736e-16
4.596323321948148e-17
1.2434497875801754e-17
1.3788969965844444e-16
-2.4868995751603507e-17
1.247890679678676e-16
-2.2204460492503132e-17
-8.704148513061228e-17
-1.8207657603852566e-16
2.2204460492503132e-17
1.8340884366807585e-16
7.993605777301127e-17
-1.1324274851176597e-16
5.95079541199084e-17
-2.438049762076844e-16
1.376676550535194e-16
-2.842170943040401e-17
-2.418065747633591e-16
3.304023721284466e-16
-1.5454304502782178e-16
-9.947598300641403e-17
2.948752353404416e-16
-7.210898544940391e-17
-1.6542323066914832e-16
