-4.241051954068098e-17
-2.4868995751603507e-17
-3.7747582837255325e-18
-5.706546346573305e-17
-1.5210055437364646e-17
4.352074256530614e-17
-2.042810365310288e-17
1.2434497875801754e-17
-2.6201263381153693e-17
-7.327471962526034e-18
-5.440092820663267e-18
-2.2204460492503132e-17
1.6653345369377347e-18
-1.2212453270876722e-17
-1.0103029524088924e-17
1.2434497875801754e-17
-7.993605777301126e-18
-1.9539925233402754e-17
6.483702463810914e-17
8.393286066166184e-17
-2.6423307986078724e-17
-3.4638958368304884e-17
1.8096635301390052e-17
0.0
-2.2204460492503132e-17
-4.4408920985006264e-17
2.864375403532904e-17
-1.3988810110276973e-17
-1.2212453270876722e-17
-1.7763568394002505e-18
-2.4424906541753442e-18
-4.0190073491430665e-17
1.2434497875801754e-17
-8.215650382226158e-18
2.2315482794965648e-17
2.0539125955565396e-17
-1.3322676295501878e-17
0.0
0.0
1.7763568394002505e-18
1.2434497875801754e-17
-9.992007221626408e-18
0.0
3.241851231905457e-17
4.440892098500626e-19
1.0658141036401503e-17
1.9317880628477722e-17
-2.886579864025407e-17
1.609823385706477e-17
-3.4861002973229916e-17
3.6415315207705136e-17
4.796163466380676e-17
1.7763568394002505e-18
5.1514348342607266e-17
7.283063041541027e-17
-4.440892098500626e-18
-1.1546319456101627e-17
-2.886579864025407e-18
-3.481659405224491e-16
-1.6564527527407336e-16
5.755396159656812e-16
8.881784197001253e-18
-2.327027459614328e-16
-3.6237679523765107e-16
-2.779998453661392e-16
-2.984279490192421e-16
3.019806626980426e-16
-7.105427357601002e-17
-3.073097332162433e-16
-1.532107773982716e-16
-2.9443114613059153e-16
-4.660716257376408e-16
-1.389999226830696e-16
3.870237463843296e-16
-4.298783551348606e-16
1.809663530139005e-16
3.0286884111774273e-16
2.3647750424515833e-16
-1.5143442055887136e-16
2.69340105774063e-16
-4.652944696204031e-16
-6.572520305780926e-17
-1.3855583347321954e-16
5.542233338928781e-16
-1.2445600106048005e-16
5.662137425588298e-17
-1.6919798895287386e-16
-1.5720758028692216e-16
-3.9768188742073106e-16
-3.019806626980426e-16
1.6475709685437323e-16
-1.5787371410169725e-16
2.7533531010703882e-17
1.1191048088221578e-16
-1.6697754290362354e-16
-4.352074256530614e-17
5.895284260759582e-17
-3.426148253993233e-16
-2.1871393585115584e-16
7.593925488436071e-17
-4.356515148629114e-16
1.7852386235972518e-16
-6.572520305780926e-17
-2.69340105774063e-16
-4.1966430330830915e-16
3.189670749748075e-16
2.9531932455029166e-17
2.3137047833188263e-16
5.595524044110789e-17
-9.814371537686384e-17
-9.414691248821327e-17
-5.3734794391857575e-16
2.6778579353958775e-16
-1.9184653865522705e-16
-8.970602038971265e-17
2.637889906509372e-16
-4.04121180963557e-16
-3.064215547965432e-17
-2.9309887850104134e-16
-1.3855583347321954e-16
2.2515322939398175e-16
-1.5543122344752193e-17
1.8463008899516354e-16
2.2382096176443156e-16
-1.1035616864774056e-16
-9.903189379656397e-17
1.8074430840897547e-16
1.1002310174035301e-16
3.1530333899354444e-16
-5.084821452783217e-16
-1.5054624213917124e-16
-2.398081733190338e-17
-2.1316282072803005e-16
-5.044853423896711e-16
-1.2834178164666809e-16
3.410605131648481e-16
-7.993605777301127e-17
2.504663143554353e-16
5.5067062021407764e-17
2.4691360067663484e-16
-4.951594689828198e-17
-2.4336088699783433e-16
6.306066779870889e-17
3.2240876635114545e-16
2.304822999121825e-16
-7.566169912820442e-16
3.5416114485542493e-16
1.674216321134736e-16
-3.508304757815495e-17
-1.3589129821411916e-16
2.531308496145357e-17
2.525757381022231e-16
-3.086420008457935e-16
-7.799316747991725e-16
5.688782778179302e-16
1.3322676295501879e-18
7.971401316808624e-17
2.6867397195928787e-17
3.9968028886505634e-17
7.194245199571015e-17
-2.4868995751603507e-17
1.9451107391432743e-16
-2.646771690706373e-16
9.969802761133906e-17
2.6645352591003756e-17
2.1793677973391824e-16
1.6298074001497298e-16
-1.865174681370263e-17
-7.993605777301127e-17
1.9673151996357774e-16
2.020605904817785e-17
-2.0672352718520416e-16
2.0872192862952942e-16
1.4760415112391455e-16
-1.4022116801015726e-16
1.3844481117075703e-16
4.511946372076636e-16
5.706546346573305e-17
-3.8635761256955447e-16
-2.9032332093947846e-16
-1.8474111129762604e-16
4.2910119901762303e-16
5.331290964250001e-16
-1.8607337892717623e-16
-2.113864638886298e-16
2.065014825802791e-17
2.4491519923230953e-16
-9.592326932761352e-17
-9.681144774731365e-17
2.682298827494378e-16
1.7763568394002505e-17
3.0619951019161817e-16
4.263256414560601e-17
4.2588155224621003e-16
1.1324274851176597e-16
-1.8485213360008857e-16
6.350475700855895e-17
-3.6992631180510214e-16
1.403321903126198e-16
1.509903313490213e-17
1.4477308241112042e-16
1.6986412276764895e-17
-1.5432100042289677e-17
-1.2834178164666809e-16
-4.39648317751562e-17
4.5297099404706384e-17
4.795053243356051e-16
8.526512829121202e-17
-4.0845105075959507e-16
-2.4913404672588515e-16
1.6853185513809876e-16
-6.039613253960852e-17
7.194245199571015e-17
-4.5519144009631415e-17
-3.153033389935444e-17
2.8199664825478977e-17
1.9984014443252817e-17
-1.4299672557172017e-16
2.639000129533997e-16
-3.7925218521195347e-16
1.7763568394002505e-18
1.6686652060116102e-16
-1.9984014443252817e-17
3.632649736573512e-16
-7.771561172376095e-17
-3.894662370385049e-16
3.7614356074300302e-16
-4.662936703425658e-16
-1.509903313490213e-16
-1.3100631690576846e-16
-3.8058445284150365e-16
2.4202861936828413e-17
3.8413716652030413e-17
-4.46753745109163e-16
-2.5002222514558523e-16
2.255973186038318e-16
-1.794120407794253e-16
-2.41140440948584e-16
-9.43689570931383e-17
1.3589129821411916e-16
-4.298783551348606e-16
-2.149391775674303e-16
-7.105427357601002e-17
1.3855583347321954e-16
-3.1086244689504386e-17
2.886579864025407e-16
2.258193632087568e-16
2.513544927751354e-16
-3.552713678800501e-17
1.0880185641326534e-16
-1.4654943925052067e-17
7.061018436615996e-17
4.941602682606571e-16
1.1546319456101628e-16
1.1657341758564144e-16
4.796163466380676e-17
-2.3003821070233244e-16
-3.0109248427834247e-16
2.007283228522283e-16
9.703349235223868e-17
1.3167245072054356e-16
-8.326672684688674e-17
3.494982081519993e-16
-3.095301792654936e-16
9.370282327836321e-17
-1.8607337892717623e-16
-3.774758283725532e-16
3.708144902248023e-17
-3.659295089164516e-16
-1.9184653865522705e-16
1.2834178164666809e-16
-2.0516921495072894e-16
-3.730349362740526e-17
-2.5091040356528535e-16
7.993605777301126e-18
3.446132268436486e-16
-1.0036416142611415e-16
-3.099742684753437e-16
1.5454304502782178e-16
-1.4566126083082054e-16
-1.6697754290362354e-16
1.403321903126198e-16
4.39648317751562e-17
4.47197834319013e-16
-6.217248937900877e-17
-4.1966430330830915e-16
3.9768188742073106e-16
-7.593925488436071e-17
-8.79296635503124e-17
1.4654943925052067e-17
-2.0805579481475435e-16
4.602984660095899e-16
-3.5127456499139955e-16
8.948397578478762e-17
1.341149413747189e-16
-3.3306690738754695e-18
-6.217248937900877e-18
1.2612133559741777e-16
3.179678742526448e-16
-2.993161274389422e-16
-4.75175454539567e-17
9.50350909079134e-17
-1.9451107391432743e-16
1.4876988529977099e-16
1.887379141862766e-16
7.30526750203353e-17
5.186961971048731e-16
-1.5720758028692216e-16
-3.2818192607919627e-16
-5.084821452783217e-17
3.97459842815806e-17
3.4572344986827373e-16
-3.1663560662309463e-16
7.416289804496046e-17
-5.773159728050814e-17
2.007283228522283e-16
7.149836278586008e-17
2.6645352591003756e-17
7.553957459549565e-16
1.8474111129762604e-16
8.637535131583718e-17
-1.219024881038422e-16
1.432187701766452e-16
2.1760371282653068e-16
5.1292303737682235e-17
3.930189507173054e-16
-3.1619151741324457e-16
4.862776847858186e-16
5.466738173254271e-16
1.1746159600534157e-16
2.0583534876550403e-16
-1.2789769243681802e-16
-2.2204460492503132e-17
2.9309887850104134e-17
2.495781359357352e-16
-3.1463720517876937e-16
1.0391687510491466e-16
3.6193270602780105e-17
-2.007283228522283e-16
-1.9140244944537699e-16
-1.7408297026122455e-16
6.217248937900877e-17
1.2434497875801754e-16
-8.570921750106209e-17
4.745093207247919e-16
8.737455203799982e-17
-4.618527782440651e-17
-4.7073456244106636e-17
3.179678742526448e-16
-1.0436096431476472e-17
1.1812772982011666e-16
1.5976109324356003e-16
-3.241851231905457e-17
4.404254738687996e-16
-1.0302869668521453e-16
3.608224830031759e-17
1.2811973704174306e-16
1.0835776720341528e-16
1.6475709685437323e-16
3.663735981263017e-18
-8.193445921733655e-17
7.926992395823617e-17
-2.55351295663786e-17
2.1238566461079245e-16
-3.930189507173054e-17
-1.0680345496894006e-16
1.5565326805244694e-16
-8.304468224196171e-17
-1.4943601911454608e-16
-1.77191594730175e-16
-7.971401316808624e-17
-1.3233858453531865e-16
1.3944401189291966e-16
-3.208544541166702e-17
1.20570220474292e-16
-3.5482727867020005e-16
1.4832579608992092e-16
-3.312905505481467e-16
-3.566036355096003e-16
1.3322676295501878e-17
-2.149391775674303e-16
6.350475700855895e-17
-2.5979218776228665e-17
9.525713551283843e-17
1.8951507030351423e-16
4.39648317751562e-17
-1.887379141862766e-16
-1.5454304502782178e-16
-1.971756091734278e-16
-3.943512183468556e-16
3.481659405224491e-16
-5.195843755245733e-17
3.3939517862791035e-16
3.2229774404868295e-16
2.781108676686017e-16
-9.969802761133906e-17
-3.013145288832675e-16
2.3958612871410877e-16
-2.6029178812336795e-16
2.2071233729548112e-16
2.838840273966525e-16
-6.3971050678901515e-16
4.89386309254769e-16
-2.7977620220553945e-16
5.1941784207087945e-16
-5.81756864903582e-17
-1.438849039914203e-16
-2.41140440948584e-16
3.7569947153315296e-16
-3.530509218307998e-16
-7.815970093361102e-17
2.220446049250313e-16
1.8829382497642654e-16
2.806643806252396e-16
-1.9628743075372768e-16
-2.842170943040401e-17
-3.1086244689504384e-18
3.448352714485736e-16
-3.419486915845482e-17
-5.46229728115577e-17
-6.683542608243442e-17
2.2448709557920663e-16
3.044231533522179e-16
-2.6045832157706173e-16
2.1538326677728036e-16
4.940492459581947e-16
8.837375276016247e-17
-4.876099524153688e-16
-6.461498003318411e-17
-2.391420395042587e-16
-1.0969003483296547e-16
-2.249311847890567e-16
7.394085344003543e-17
-4.352074256530614e-17
7.549516567451065e-18
2.3514523661560814e-16
-2.4857893521357254e-16
3.1885605267234495e-16
-1.7408297026122455e-16
-3.934630399271555e-16
-1.2967404927621828e-16
-4.247713292215849e-16
-9.85878045867139e-17
1.1790568521519163e-16
-1.9628743075372768e-16
-2.2026824808563106e-16
2.779998453661392e-16
2.0872192862952943e-17
-3.1752378504279476e-16
-4.440892098500626e-18
-9.43689570931383e-17
-2.853273173286652e-16
2.877698079828406e-16
-4.0811798385220756e-16
-7.283063041541027e-17
-5.46229728115577e-17
2.7133850721838825e-16
-5.617728504603292e-17
7.194245199571015e-17
2.653433028854124e-17
1.1102230246251566e-17
3.481659405224491e-16
-1.3211653993039362e-16
-7.549516567451065e-17
2.986499936241671e-17
-2.1516122217235533e-16
-2.258193632087568e-16
-1.6253665080512291e-16
1.1168843627729075e-16
-2.383648833870211e-16
2.509104035652854e-17
-5.213607323639735e-16
1.5920598173124744e-16
2.7844393457598926e-16
-2.318145675417327e-16
2.3003821070233244e-16
1.7275070263167436e-16
-2.460254222569347e-16
-1.687538997430238e-17
-4.440892098500626e-19
-4.591882429849648e-16
1.5298873279334656e-16
-2.5579538487363605e-16
-1.305622276959184e-16
-1.6764367671839864e-16
-1.0880185641326534e-16
4.4120262998603723e-16
1.6231460620019788e-16
-1.6564527527407336e-16
-1.1457501614131616e-16
2.647881913730998e-16
-3.6282088444750113e-16
5.284661597215745e-17
6.050715484207103e-16
2.2737367544323206e-16
2.0250467969162856e-16
3.552713678800501e-18
3.481659405224491e-16
-3.7836400679225334e-16
1.829647544582258e-16
