4.085620730620576e-17
1.8873791418627663e-17
4.085620730620576e-17
-2.398081733190338e-17
8.659739592076221e-18
-6.217248937900877e-18
2.6645352591003758e-18
5.10702591327572e-17
0.0
4.440892098500626e-18
1.865174681370263e-17
-1.865174681370263e-17
-2.065014825802791e-17
1.84297022087776e-17
-9.547918011776345e-18
-2.731148640577885e-17
3.419486915845482e-17
-3.0864200084579355e-17
1.0769163338864019e-17
3.1974423109204506e-17
-7.993605777301126e-18
-1.3322676295501878e-17
2.6978419498391303e-17
8.770761894538737e-18
2.4202861936828413e-17
-3.241851231905457e-17
8.881784197001253e-19
2.3092638912203255e-17
-1.509903313490213e-17
-1.7763568394002505e-17
-1.3100631690576846e-17
-3.663735981263017e-18
8.326672684688674e-18
8.881784197001253e-18
2.020605904817785e-17
2.6645352591003756e-17
2.6645352591003756e-17
-5.662137425588298e-18
-4.1744385725905886e-17
-1.2878587085651817e-17
3.0864200084579355e-17
1.865174681370263e-17
1.9206858326015207e-17
-1.865174681370263e-17
1.454392162258955e-17
-7.549516567451065e-18
2.4868995751603507e-17
4.662936703425658e-18
2.6645352591003758e-18
2.2204460492503132e-17
-2.7533531010703882e-17
-2.6645352591003758e-18
1.0658141036401503e-17
-2.042810365310288e-17
1.1546319456101627e-17
4.163336342344337e-18
2.2515322939398175e-16
2.2204460492503132e-17
-4.645173135031655e-16
3.019806626980426e-17
1.2390088954816748e-16
-9.237055564881302e-17
1.3322676295501879e-18
-4.352074256530614e-17
2.4558133304708465e-16
2.3092638912203255e-17
-1.3433698597964394e-16
1.7452705947107462e-16
-2.355893258254582e-16
5.595524044110789e-16
-2.8355096048926496e-16
3.5837999234900055e-16
-7.993605777301126e-18
-3.668176873361517e-16
7.438494264988549e-17
3.6415315207705136e-17
-1.438849039914203e-16
2.8621549574836534e-16
-1.2101430968414207e-16
-4.495293026707259e-16
-4.1744385725905886e-17
1.8918200339612667e-16
3.153033389935444e-17
-2.247091401841317e-16
-2.1938006966593093e-16
4.5297099404706384e-17
-2.6423307986078724e-17
6.483702463810914e-17
-2.9054536554440347e-16
-2.6623148130511255e-16
-3.872457909892546e-16
6.661338147750939e-17
9.325873406851316e-18
-6.461498003318411e-17
5.906386491005833e-17
1.7053025658242405e-16
-4.796163466380676e-17
-9.947598300641403e-17
1.8829382497642654e-16
-2.549072064539359e-16
-2.4868995751603507e-17
2.1582735598713043e-16
4.218847493575595e-17
-1.3100631690576846e-16
-1.3766765505351941e-17
3.215205879314453e-16
-1.6675549829869851e-16
2.8266278206956484e-16
3.0375701953744285e-16
2.3114843372695758e-16
2.453592884421596e-16
4.04121180963557e-17
-7.549516567451065e-17
-1.2345680033831742e-16
-5.861977570020827e-17
-1.8118839761882554e-16
1.8740564655672642e-16
-2.842170943040401e-17
8.570921750106209e-17
8.881784197001253e-19
2.042810365310288e-16
4.911626660941693e-16
2.05613304160579e-16
0.0
7.815970093361102e-17
2.4780177909633496e-16
1.1546319456101627e-17
1.474376176702208e-16
3.694822225952521e-16
-5.195843755245733e-17
-2.247091401841317e-16
4.478639681337881e-16
5.551115123125783e-18
-2.7866597918091427e-16
-2.922107000813412e-16
-1.4166445794216998e-16
4.04343225568482e-16
-3.6970426720017715e-17
-2.55129251058861e-16
-2.220446049250313e-19
-1.596500709410975e-16
1.375566327510569e-16
5.617728504603292e-17
-2.375877272697835e-17
4.440892098500626e-18
3.3173463975799677e-16
-2.282618538629322e-16
-3.108624468950438e-16
-2.728928194528635e-16
-3.0309088572266776e-17
-2.3092638912203255e-17
-8.104628079763642e-18
4.549693954913891e-16
-9.658940314238862e-17
4.8627768478581857e-17
-6.328271240363392e-17
-1.9806378759312793e-16
-2.331468351712829e-18
1.4444001550373286e-16
1.8918200339612667e-16
4.352074256530614e-17
4.107825191113079e-17
-1.4521717162097048e-16
-1.2789769243681802e-16
3.9190872769268024e-16
-1.6897594434794883e-16
-1.1546319456101628e-16
5.617728504603292e-17
-1.1035616864774056e-16
6.616929226765933e-17
-1.1013412404281553e-16
1.794120407794253e-16
-2.355893258254582e-16
4.1744385725905884e-16
-2.9443114613059153e-16
1.1723955140041654e-16
2.453592884421596e-17
1.7763568394002506e-16
2.877698079828406e-16
-2.345901251032956e-16
1.2589929099249274e-16
1.7053025658242405e-16
9.103828801926283e-17
1.2168044349891717e-16
-2.1938006966593093e-16
3.312905505481467e-16
3.68594044175552e-17
2.8110846983508964e-16
-3.1086244689504384e-18
-1.438849039914203e-16
2.049471703458039e-16
1.2878587085651817e-17
1.354472090042691e-17
-1.5809575870662228e-16
-1.2656542480726785e-17
-5.2180482157382354e-17
2.404743071338089e-16
1.589839371263224e-16
-1.4455103780619539e-16
9.614531393253856e-17
6.494804694057165e-17
-2.2870594307278225e-16
-1.270095140171179e-16
-1.0014211682118912e-16
-4.440892098500626e-18
-1.4210854715202004e-17
-1.8829382497642654e-16
1.5520917884259687e-16
-1.0658141036401503e-17
-6.31716901011714e-17
1.3322676295501878e-17
-3.6259883984257613e-16
-1.509903313490213e-16
1.2501111257279261e-16
-1.6431300764452316e-17
-2.4291679778798427e-16
-2.7244873024301344e-16
-7.638334409421076e-17
-1.4854784069484595e-16
2.802202914153895e-16
-1.8318679906315082e-16
-5.2180482157382354e-17
6.816769371198461e-17
6.106226635438361e-17
2.184918912462308e-16
1.48769885299771e-17
1.7352785874891196e-16
1.3944401189291966e-16
-1.4654943925052067e-16
-2.666755705149626e-16
5.112577028398846e-17
3.148592497836944e-16
-1.4299672557172017e-16
2.3514523661560814e-16
5.46229728115577e-17
-6.439293542825907e-17
-1.3145040611561853e-16
4.2899017671516047e-16
2.4913404672588515e-16
7.771561172376095e-17
-7.94919685631612e-17
2.5757174171303633e-17
0.0
-4.9737991503207014e-17
9.059419880941277e-17
1.4210854715202004e-17
-1.1102230246251566e-17
-3.4083846855992305e-17
-3.885780586188048e-16
2.0028423364237825e-16
-6.661338147750939e-19
6.461498003318411e-17
3.0309088572266776e-17
2.3092638912203255e-17
-9.259260025373805e-17
-2.926547892911913e-16
-2.3092638912203255e-17
8.881784197001253e-18
2.424727085781342e-16
9.947598300641403e-17
-2.1938006966593093e-16
7.549516567451065e-18
1.6053824936079763e-16
1.2390088954816748e-16
4.9737991503207014e-17
-2.488009798184976e-16
8.304468224196171e-17
9.85878045867139e-17
-2.97539770599542e-17
5.728750807065808e-17
5.262457136723242e-17
-2.948752353404416e-16
-4.3076653355456075e-17
-2.5757174171303633e-17
-1.3855583347321954e-16
2.653433028854124e-17
1.3677947663381928e-16
3.1974423109204506e-17
2.1316282072803006e-17
-7.416289804496046e-17
-7.061018436615996e-17
-1.190159082398168e-16
-7.105427357601002e-17
-3.206324095117452e-16
-1.758593271006248e-16
-2.398081733190338e-17
-2.0516921495072894e-16
-3.286260152890463e-17
1.5809575870662228e-16
7.349676423018537e-17
-2.540190280342358e-16
1.0080825063596422e-16
6.039613253960852e-17
-1.7053025658242405e-16
1.3677947663381928e-16
-2.1893598045608087e-16
6.750155989720952e-17
-2.3447910280083307e-16
1.8118839761882554e-16
-2.156053113822054e-16
4.6851411639181604e-17
1.0835776720341528e-16
1.2079226507921704e-16
-3.1752378504279474e-17
4.9960036108132046e-17
7.460698725481052e-17
7.815970093361102e-17
-9.570122472268849e-17
1.7930101847696278e-16
1.0114131754335176e-16
-2.020605904817785e-17
1.176836406102666e-16
8.260059303211165e-17
-2.6201263381153693e-17
1.0880185641326534e-16
-1.403321903126198e-16
1.1945999744966685e-16
-1.6253665080512291e-16
-1.4543921622589551e-16
5.573319583618286e-17
-9.992007221626409e-17
-1.5132339825640884e-16
-1.9761969838327787e-16
-1.1501910535116622e-16
-1.021405182655144e-16
-7.083222897108499e-17
-2.3359092438113295e-16
4.4142467459096224e-16
2.97539770599542e-17
-2.353672812205332e-16
-1.794120407794253e-16
-6.794564910705958e-17
-1.84297022087776e-17
1.0547118733938987e-16
9.103828801926283e-17
1.2612133559741777e-16
-1.1857181902996673e-16
4.1833203567875896e-16
5.012656956182582e-17
2.8455016121142764e-16
1.0413891970983968e-16
-2.6534330288541243e-16
6.417089082333404e-17
8.260059303211165e-17
2.0050627824730328e-16
8.970602038971265e-17
-1.687538997430238e-16
-3.219646771412954e-17
1.6220358389773538e-16
-2.8199664825478977e-17
1.4988010832439614e-16
-1.4244161405940758e-16
1.7974510768681284e-16
-7.904787935331114e-17
1.432187701766452e-16
-1.509903313490213e-17
-3.730349362740526e-17
-2.806643806252396e-16
2.9309887850104134e-17
-1.6009416015094757e-16
1.922906278650771e-16
6.705747068735945e-17
-4.9737991503207014e-17
1.056932319443149e-16
4.618527782440651e-17
2.1094237467877973e-16
-6.572520305780926e-17
-1.992850329202156e-16
-3.8813396940895473e-16
-1.2867484855405565e-16
-1.4155343563970745e-16
8.060219158778636e-17
-3.1974423109204506e-17
-7.638334409421076e-17
-9.592326932761352e-17
4.729550084903167e-17
1.4455103780619539e-16
2.1171953079601736e-16
8.43769498715119e-18
-2.415845301584341e-16
5.684341886080802e-17
-2.5002222514558523e-16
9.592326932761352e-17
-1.4210854715202004e-17
2.4868995751603507e-17
-1.509903313490213e-16
-2.7844393457598926e-16
9.192646643896296e-17
1.3145040611561853e-16
5.919709167301335e-16
-1.1168843627729075e-16
4.662936703425657e-17
-2.148281552649678e-16
9.769962616701377e-18
1.4721557306529576e-16
8.260059303211165e-17
1.4721557306529576e-16
9.214851104388799e-17
1.5143442055887136e-16
1.341149413747189e-16
1.2356782264077992e-16
-2.233768725545815e-16
1.9328982858723977e-16
-3.1974423109204506e-17
2.6978419498391303e-17
2.0683454948766666e-16
4.130029651605582e-17
1.1102230246251566e-17
1.383337888682945e-16
2.1582735598713043e-16
-1.0724754417879012e-16
2.353672812205332e-16
1.1146639167236572e-16
-1.0391687510491466e-16
7.549516567451065e-17
-7.482903185973556e-17
1.5831780331154732e-16
-1.2900791546144318e-16
-1.8540724511240115e-17
-2.7744473385382663e-16
-1.5631940186722203e-16
-8.926193117986259e-17
-3.009814619758799e-16
-1.0036416142611415e-16
-2.540190280342358e-16
-1.2656542480726785e-17
1.9451107391432743e-16
2.7355895326763857e-16
1.6253665080512291e-16
-1.219024881038422e-16
3.099742684753437e-16
5.3290705182007515e-18
6.938893903907228e-17
6.328271240363392e-17
2.1094237467877975e-17
5.109246359324971e-16
-3.4861002973229916e-17
2.4846791291111003e-16
-2.178257574314557e-16
7.460698725481052e-17
-2.864375403532904e-17
-9.103828801926283e-17
3.4650060598551136e-16
-6.350475700855895e-17
-3.4638958368304884e-17
1.5853984791647235e-16
7.94919685631612e-17
2.6645352591003756e-16
6.52811138479592e-17
-3.310685059432217e-16
1.7441603716861209e-16
-2.3581137043038326e-16
-2.7977620220553945e-17
-2.779998453661392e-16
3.419486915845482e-17
6.8833827526759705e-18
-6.252776074688881e-16
-1.0025313912365164e-16
1.929567616798522e-16
2.460254222569347e-16
-5.2180482157382354e-17
-1.7630341631047487e-16
-7.971401316808624e-17
-1.6697754290362354e-16
1.723066134218243e-16
-4.1944225870338414e-16
3.099742684753437e-16
-3.508304757815495e-16
2.9309887850104134e-16
-7.638334409421076e-17
4.911626660941693e-16
-1.6431300764452317e-16
-1.3677947663381928e-16
-2.473576898864849e-16
-4.32542890393961e-16
1.8030021919912543e-16
-2.0450308113595384e-16
-2.7045032879868813e-16
0.0
-1.5520917884259687e-16
-1.1812772982011666e-16
1.4310774787418267e-16
-3.508304757815495e-17
-7.460698725481052e-17
2.851052727237402e-16
2.806643806252396e-16
-4.1744385725905886e-17
-1.0880185641326535e-17
-2.7500224319965126e-16
-6.52811138479592e-17
3.703704010149522e-16
1.2301271112846736e-16
-8.593126210598712e-17
-4.1078251911130794e-16
-3.8635761256955445e-17
2.3980817331903383e-16
-1.7763568394002505e-17
-1.0480505352461477e-16
-1.9384494009955233e-16
-5.2402526762307386e-17
