2.4424906541753442e-18
2.842170943040401e-17
-1.5543122344752192e-18
8.881784197001253e-18
3.530509218307998e-17
-4.3076653355456075e-17
2.6201263381153693e-17
3.4638958368304884e-17
-2.8976820942716587e-17
2.2204460492503132e-17
-2.2204460492503132e-17
-6.128431095930865e-17
7.88258347483861e-18
-3.8413716652030413e-17
-3.708144902248023e-17
1.5543122344752193e-17
2.9309887850104134e-17
2.298161660974074e-17
1.0658141036401503e-17
1.3211653993039362e-17
-2.3425705819590802e-17
0.0
-1.5987211554602253e-17
-1.687538997430238e-17
-6.439293542825908e-18
-1.865174681370263e-17
-1.354472090042691e-17
-2.220446049250313e-19
1.1768364061026659e-17
4.884981308350689e-17
6.217248937900877e-18
0.0
-3.508304757815495e-17
-4.4408920985006264e-17
8.770761894538737e-18
-1.0880185641326535e-17
2.7977620220553945e-17
-1.021405182655144e-17
2.2759572004815708e-17
4.5297099404706384e-17
-1.3322676295501878e-17
-3.8413716652030413e-17
1.2656542480726785e-17
-8.881784197001253e-18
3.552713678800501e-18
1.0658141036401503e-17
8.881784197001253e-18
1.687538997430238e-17
1.7763568394002505e-18
6.994405055138486e-18
-3.042011087472929e-17
-1.0742517986273015e-15
-4.978240042419202e-16
2.842170943040401e-17
-1.5853984791647235e-16
-4.1167069753100807e-16
7.172040739078511e-17
6.039613253960852e-17
3.2462921240039576e-16
-1.6675549829869851e-16
-1.8318679906315082e-16
2.070565940925917e-16
-1.270095140171179e-16
-6.88338275267597e-17
2.1538326677728036e-16
6.88338275267597e-17
3.388400671155978e-16
-2.0294876890147862e-16
-8.570921750106209e-17
-2.97539770599542e-17
2.7711166694643907e-16
-1.2878587085651817e-17
1.6342482922482304e-16
1.9673151996357774e-16
-1.396660564978447e-16
3.4638958368304885e-16
2.069455717901292e-16
-1.2856382625159312e-16
1.6042722705833513e-16
3.7769787297747827e-16
-1.3589129821411916e-16
2.495781359357352e-16
-1.0702549957386509e-16
-4.050093593832571e-16
-7.283063041541027e-17
2.2648549702353192e-17
-1.687538997430238e-16
6.417089082333404e-17
5.795364188543317e-17
1.751931932858497e-16
-1.5809575870662228e-16
1.2345680033831742e-16
-9.370282327836321e-17
3.0619951019161817e-16
-2.942091015256665e-17
1.4410694859634532e-16
-3.2729374765949614e-16
-1.2168044349891717e-16
-3.059774655866931e-16
-1.5143442055887136e-16
3.459454944731988e-16
1.3500311979441903e-16
4.480860127387131e-16
3.7347902548390265e-16
3.4638958368304885e-16
5.027089855502708e-16
6.150635556423368e-17
4.374278717023117e-17
9.814371537686384e-17
2.282618538629322e-16
-1.7763568394002506e-16
1.270095140171179e-16
1.8918200339612667e-16
-4.241051954068098e-17
-4.2810199829546035e-16
-6.2949645496246375e-16
2.1826984664130577e-16
-9.370282327836321e-17
-1.936228954946273e-16
1.127986593019159e-16
-1.2589929099249274e-16
-1.2034817586936698e-16
3.5016434196677436e-16
-2.2293278334473143e-16
1.7053025658242405e-16
3.7214675785435246e-16
-3.552713678800501e-17
-2.842170943040401e-17
-1.9539925233402755e-16
-1.4210854715202004e-17
1.5543122344752193e-17
1.3944401189291966e-16
2.2870594307278223e-17
3.0619951019161817e-16
-3.9634961979118087e-16
-4.5297099404706384e-17
-4.218847493575595e-17
1.8984813721090176e-16
-1.8696155734687635e-16
3.3328895199247197e-16
3.241851231905457e-16
1.2390088954816748e-16
-4.82280881897168e-16
-9.50350909079134e-17
-2.2604140781368188e-16
1.4843681839238343e-16
-3.4017233474514797e-16
-3.1363800445660674e-16
1.7541523789077474e-16
3.481659405224491e-16
-3.4638958368304885e-16
2.5934809855243655e-16
-2.4935609133081016e-16
1.262323578998803e-16
-3.352873534367973e-16
-7.061018436615996e-17
-8.79296635503124e-17
-4.241051954068098e-17
4.8405723873656825e-17
5.453415496958769e-16
-7.771561172376097e-18
2.788880237858393e-16
-1.0080825063596422e-16
-4.397593400540245e-16
3.0175861809311754e-16
-8.659739592076221e-18
1.8141044222375057e-16
-1.687538997430238e-17
5.417888360170764e-16
4.085620730620576e-17
-4.9737991503207014e-17
-2.247091401841317e-16
-5.284661597215745e-17
6.750155989720952e-17
3.255173908200959e-16
4.6229686745391515e-16
4.996003610813204e-16
-2.7633451082920145e-16
6.52811138479592e-17
-2.9176661087149115e-16
4.1078251911130794e-16
7.94919685631612e-17
1.9984014443252817e-17
-2.673417043297377e-16
1.7186252421197424e-16
-5.10702591327572e-17
-1.1368683772161603e-16
4.809486142676178e-16
-4.027889133340068e-16
-1.1080025785759062e-16
1.1324274851176597e-16
-2.755573547119639e-16
-1.616484723854228e-16
1.099120794378905e-16
8.926193117986259e-17
-1.8540724511240113e-16
-1.1546319456101627e-17
-1.474376176702208e-16
-1.5187850976872143e-16
-1.403321903126198e-16
-2.3137047833188263e-16
1.2589929099249274e-16
1.2434497875801754e-17
-1.6497914145929826e-16
6.572520305780926e-17
1.0258460747536447e-16
-4.2810199829546035e-16
2.4780177909633496e-16
8.43769498715119e-17
1.0036416142611415e-16
-5.222489107836736e-16
-7.149836278586008e-17
-2.6645352591003756e-16
1.1857181902996673e-16
2.997602166487923e-17
-2.974287482970794e-16
-5.628830734849544e-17
4.793943020331426e-16
1.2345680033831742e-16
-3.1308289294429413e-16
1.829647544582258e-16
-4.933831121434196e-16
-1.0824674490095276e-16
-3.1463720517876937e-16
1.6431300764452316e-17
3.7569947153315296e-16
-6.794564910705958e-17
2.9198865547641616e-16
2.0849988402460439e-16
2.223221606811876e-16
-2.708944180085382e-16
-3.708144902248023e-17
2.970956813896919e-16
-5.062616992290714e-17
1.225686219186173e-16
1.3211653993039362e-16
8.970602038971265e-17
-3.4061642395499803e-16
5.617728504603292e-16
5.364597654988756e-16
2.573496971081113e-16
-1.0313971898767705e-16
-7.860379014346108e-17
6.150635556423368e-17
-1.0436096431476471e-16
8.570921750106209e-17
1.0103029524088924e-17
3.47277762102749e-16
-1.467714838554457e-16
2.6423307986078724e-17
2.589040093425865e-16
-2.4336088699783433e-16
3.788080960021034e-16
4.585221091701896e-16
6.783462680459706e-17
4.440892098500626e-19
3.8319347694937276e-16
2.486899575160351e-16
-2.1316282072803005e-16
4.263256414560601e-16
-1.0036416142611415e-16
2.5668356329333617e-16
-3.1086244689504386e-17
-2.531308496145357e-17
1.638689184346731e-16
-2.0783375020982932e-16
-5.750955267558311e-17
1.1102230246251566e-18
2.6656454821250006e-16
-4.374278717023117e-17
-3.0686564400639324e-16
-9.9253938401489e-17
-4.551914400963141e-16
2.438049762076844e-16
-3.5216274341109967e-16
-2.0516921495072894e-16
1.48769885299771e-17
-6.559197629485425e-16
-5.329070518200751e-17
3.0020430585864235e-16
-2.76445533131664e-16
1.7985612998927537e-17
2.176037128265307e-17
-8.85957973650875e-17
2.8699265186560296e-16
2.2426505097428164e-17
6.070699498650356e-16
7.771561172376095e-17
9.08162434143378e-17
2.6045832157706173e-16
-6.572520305780926e-17
4.503064587879635e-16
5.062616992290714e-17
-4.1744385725905886e-17
1.7541523789077474e-16
1.0202949596305189e-16
9.348077867343818e-17
3.7747582837255325e-17
1.1435297153639113e-16
-4.3653969328261154e-16
-4.165556788393587e-16
2.531308496145357e-17
-2.2115642650533118e-16
4.1167069753100807e-16
-2.7744473385382663e-16
-1.4122036873231991e-16
3.1974423109204506e-17
6.45705711121991e-16
1.3078427230084343e-16
2.2648549702353194e-16
-2.4424906541753446e-16
1.8707257964933888e-16
-2.815525590449397e-16
2.007283228522283e-16
9.259260025373805e-17
2.7711166694643907e-16
-1.0969003483296547e-16
2.1260770921571748e-16
-1.3944401189291966e-16
7.37188088351104e-17
-3.810285420513537e-16
-2.4913404672588515e-16
-2.1582735598713043e-16
-1.9539925233402754e-17
-2.184918912462308e-16
1.4921397450962105e-16
-2.708944180085382e-16
3.7481129311345284e-16
1.225686219186173e-16
8.570921750106209e-17
-1.1590728377086635e-16
3.794742298168785e-16
-2.233768725545815e-16
-1.509903313490213e-17
6.683542608243442e-17
-3.2107649872159526e-16
-1.396660564978447e-16
-3.7925218521195347e-16
1.4166445794216998e-16
-3.5837999234900055e-16
-2.737809978725636e-16
-5.517808432387028e-16
8.08242361927114e-17
-1.354472090042691e-16
4.851674617611934e-17
3.070876886113183e-16
1.2523315717771765e-16
2.020605904817785e-16
3.019806626980426e-17
1.6697754290362354e-16
-3.377298440909726e-16
-3.3284486278262196e-16
-4.019007349143067e-16
5.662137425588298e-17
-3.219646771412954e-17
-1.141309269314661e-16
-3.3462121962202216e-16
2.9198865547641616e-16
-3.6504133049675145e-16
-2.23487894857044e-16
4.076738946423575e-16
3.341771304121721e-16
-1.2878587085651817e-17
-3.019806626980426e-16
2.375877272697835e-16
-2.5579538487363605e-16
-1.865174681370263e-17
-1.6409096303959813e-16
-6.628031457012184e-17
-1.8829382497642654e-16
4.884981308350689e-17
2.5557334026871104e-16
-3.311795282456842e-16
-2.637889906509372e-16
1.9451107391432743e-16
-1.2922996006636821e-16
3.843592111252292e-16
3.730349362740526e-17
-3.836930773104541e-16
1.3011813848606834e-16
-8.526512829121202e-17
2.513544927751354e-16
1.8873791418627663e-17
1.9473311851925246e-16
3.482769628249116e-16
2.5579538487363605e-16
3.4927616354707424e-16
1.0480505352461477e-16
1.5543122344752193e-17
3.361755318564974e-16
1.4765966227514583e-17
1.794120407794253e-16
-3.693712002927896e-16
-1.3100631690576846e-17
-1.6497914145929826e-16
5.417888360170764e-17
-1.4899192990469602e-16
3.530509218307998e-17
-2.552402733613235e-16
2.6512125828048737e-16
1.7030821197749902e-16
-3.0864200084579355e-17
1.8740564655672642e-16
8.326672684688674e-18
-1.0524914273446483e-16
-2.0383694732117875e-16
-1.1546319456101628e-16
-3.1086244689504384e-18
3.68594044175552e-17
2.8255175976710233e-16
-2.013944566670034e-16
-3.468336728928989e-16
2.3581137043038326e-16
3.26405569239796e-17
2.1671553440683055e-16
-5.062616992290714e-17
-1.425526363618701e-16
1.6064927166326016e-16
1.532107773982716e-16
-1.1812772982011666e-16
-4.085620730620576e-17
2.1693757901175558e-16
2.531308496145357e-17
8.970602038971265e-17
-1.7452705947107462e-16
-2.2248869413488137e-16
1.2501111257279261e-16
-1.8762769116165145e-16
-2.0972112935169207e-16
-2.327027459614328e-16
4.640732242933154e-17
9.592326932761352e-17
2.842170943040401e-17
-1.9184653865522705e-16
-1.6053824936079763e-16
2.042810365310288e-17
1.5187850976872143e-16
3.552713678800501e-18
-2.0117241206207837e-16
-2.19824158875781e-16
-1.2434497875801754e-16
-5.3290705182007515e-18
-3.4638958368304884e-17
-6.916689443414725e-17
2.6645352591003756e-17
-1.7763568394002505e-18
1.3322676295501879e-18
9.947598300641403e-17
5.595524044110789e-17
-9.769962616701377e-18
7.771561172376095e-17
-1.199040866595169e-17
1.4299672557172017e-16
-5.972999872483343e-17
-3.552713678800501e-18
1.5276668818842153e-16
2.1671553440683055e-16
-6.306066779870889e-17
2.646771690706373e-16
2.220446049250313e-16
1.225686219186173e-16
2.802202914153895e-16
-2.0017321133991572e-16
-2.3092638912203255e-17
-4.192202140984591e-16
2.3092638912203257e-16
1.170175067954915e-16
3.006483950684924e-16
-2.3647750424515834e-17
2.475797344914099e-16
-2.8976820942716587e-17
1.0080825063596422e-16
-1.147970607462412e-16
4.4408920985006264e-17
-4.285460875053104e-16
6.94999613415348e-17
2.3647750424515833e-16
-3.5993430458347575e-16
-1.5987211554602253e-17
-8.881784197001253e-18
3.996802888650563e-18
-9.325873406851315e-17
2.042810365310288e-17
1.4210854715202004e-17
6.217248937900876e-16
-2.220446049250313e-16
-5.861977570020827e-17
8.881784197001253e-18
-2.513544927751354e-16
-1.6431300764452317e-16
-2.007283228522283e-16
-3.097522238704187e-16
1.589839371263224e-16
-1.2434497875801754e-17
1.312283615106935e-16
-2.864375403532904e-16
4.429789868254375e-17
-3.8813396940895473e-16
1.3489209749195653e-16
-6.030731469763851e-16
