-6.306066779870889e-17
-8.881784197001253e-18
1.5987211554602253e-17
9.769962616701377e-18
-2.7533531010703882e-17
2.6867397195928787e-17
4.1744385725905886e-17
-1.3100631690576846e-17
1.9984014443252817e-17
1.5543122344752192e-18
-8.881784197001253e-19
-2.176037128265307e-17
-3.241851231905457e-17
2.1316282072803006e-17
2.509104035652854e-17
3.7969627442180357e-17
2.1649348980190553e-17
2.6423307986078724e-17
0.0
-3.286260152890463e-17
1.5543122344752192e-18
2.4646951146678476e-17
3.819167204710538e-17
1.1102230246251566e-17
1.9539925233402754e-17
1.6209256159527284e-17
2.864375403532904e-17
1.0436096431476472e-17
1.865174681370263e-17
0.0
-2.3092638912203255e-17
1.1324274851176596e-17
-5.773159728050814e-17
-3.4638958368304884e-17
1.576516694967722e-17
5.3290705182007515e-18
2.9309887850104134e-17
1.687538997430238e-17
-2.4868995751603507e-17
-8.881784197001253e-18
1.3433698597964394e-17
5.750955267558311e-17
4.1744385725905886e-17
2.6645352591003758e-18
-6.661338147750939e-19
-5.773159728050814e-18
-1.8873791418627663e-17
-4.4408920985006264e-17
-2.6978419498391303e-17
-1.0325074129013956e-17
0.0
2.842170943040401e-17
-1.1546319456101627e-17
-4.662936703425658e-18
2.4868995751603507e-17
-5.662137425588298e-18
7.993605777301126e-18
3.1086244689504386e-17
8.881784197001253e-19
1.6764367671839863e-17
0.0
1.8873791418627663e-18
-4.8849813083506885e-18
-1.4210854715202004e-17
5.3290705182007515e-18
2.6645352591003758e-18
1.936228954946273e-16
7.349676423018537e-17
-1.0036416142611415e-16
4.0190073491430665e-17
-5.773159728050814e-17
3.730349362740526e-16
-1.0236256287043944e-16
-2.537969834293108e-16
2.4291679778798427e-16
-2.6645352591003756e-16
1.6564527527407336e-16
-1.84519066692701e-16
2.575717417130363e-16
3.3306690738754695e-18
2.3359092438113295e-16
5.618838727627917e-16
-4.4408920985006264e-17
4.374278717023117e-17
-4.8849813083506885e-18
1.163513729807164e-16
-1.5876189252139738e-16
6.050715484207104e-17
9.703349235223868e-17
5.3734794391857575e-17
4.978240042419202e-16
6.217248937900877e-18
2.4558133304708465e-16
2.6845192735436287e-16
1.438849039914203e-16
-4.75175454539567e-17
-5.495603971894525e-17
1.7674750552032493e-16
-2.806643806252396e-16
-1.6608936448392342e-16
-1.9539925233402754e-17
-1.9895196601282806e-16
2.1094237467877973e-16
-4.3032244434471066e-16
-3.7192471324942746e-17
9.992007221626408e-19
2.2382096176443156e-16
-2.415845301584341e-16
-2.6645352591003756e-17
7.349676423018537e-17
-3.47277762102749e-16
-2.879918525877656e-16
1.5409895581797172e-16
7.072120666862247e-17
1.4832579608992092e-16
-2.0117241206207837e-16
-6.006306563222097e-17
-2.1049828546892967e-16
3.352873534367973e-16
1.7141843500212417e-16
-1.341149413747189e-16
2.352562589180707e-16
-2.886579864025407e-18
1.6220358389773538e-16
4.04121180963557e-17
-3.6504133049675145e-16
2.9687363678476685e-16
4.1744385725905886e-17
-1.1057821325266559e-16
-3.453903829608862e-16
3.228528555609955e-16
1.9984014443252817e-17
1.6653345369377348e-16
2.446931546273845e-16
2.51687559682523e-16
1.7608137170554984e-16
1.7452705947107462e-16
-1.6253665080512291e-16
3.2596148002994595e-16
-4.7073456244106636e-17
8.848477506262498e-17
1.6053824936079763e-16
-1.8030021919912543e-16
-1.0835776720341528e-16
3.3595348725157235e-16
-5.3179682879544996e-17
-3.979039320256561e-16
-1.7141843500212417e-16
1.4166445794216998e-16
-3.834710327055291e-16
3.5704772471945036e-16
-5.044853423896711e-16
2.779998453661392e-16
-2.611244553918368e-16
1.9539925233402754e-17
-3.419486915845482e-16
6.865619184281968e-16
-1.190159082398168e-16
-9.114931032172535e-17
-2.9887203822909216e-16
-2.788880237858393e-16
-3.1530333899354444e-16
3.1530333899354444e-16
1.1013412404281553e-16
2.526867604046856e-16
-3.1619151741324457e-16
3.765876499528531e-16
2.0161650127192843e-16
2.546851618490109e-16
9.237055564881302e-17
-1.034727858950646e-16
5.233591338082988e-16
1.6209256159527285e-16
1.353361867018066e-16
1.503241975342462e-16
-1.1168843627729075e-16
2.5091040356528535e-16
8.282263763703668e-17
1.6231460620019788e-16
2.8110846983508964e-16
4.147793219999585e-16
1.8030021919912543e-16
-1.376676550535194e-16
-5.2402526762307386e-17
-1.6431300764452316e-17
1.099120794378905e-16
-1.9984014443252818e-16
-1.9984014443252818e-16
-7.549516567451065e-18
-1.516564651637964e-16
7.971401316808624e-17
-2.7333690866271356e-16
3.786970736996409e-16
3.042011087472929e-16
-1.1257661469699087e-16
-6.323830348264891e-16
1.4588330543574558e-16
-1.4299672557172017e-16
1.7497114868092468e-16
-1.7963408538435034e-16
1.9184653865522705e-16
-3.286260152890463e-17
3.765876499528531e-16
-1.247890679678676e-16
-2.5224267119483554e-16
-3.552713678800501e-18
-2.7533531010703882e-17
2.1538326677728038e-17
2.5845992013273643e-16
2.7000623958883806e-16
8.526512829121202e-17
-3.0819791163594343e-16
5.861977570020827e-17
-2.853273173286652e-16
-1.3222756223285615e-16
5.111466805374221e-16
-6.705747068735945e-17
3.801403636316536e-16
1.687538997430238e-17
4.1744385725905886e-17
-5.995204332975846e-17
-2.1316282072803006e-17
3.615996391204135e-16
-2.382538610845586e-16
1.5010215292932117e-16
-3.930189507173054e-17
1.7452705947107462e-16
5.10702591327572e-18
7.549516567451065e-18
-1.2834178164666809e-16
-1.2945200467129324e-16
1.021405182655144e-16
-2.5146551507759797e-16
3.8635761256955445e-17
2.26929586233382e-16
-1.7030821197749902e-16
-3.5482727867020005e-16
-7.904787935331114e-17
-6.572520305780926e-17
-1.034727858950646e-16
8.171241461241152e-17
-2.291500322826323e-16
-7.549516567451065e-17
6.161737786669619e-17
8.83182416089312e-17
8.748557434046234e-17
2.549072064539359e-16
1.596500709410975e-16
-7.926992395823617e-17
4.440892098500626e-18
3.930189507173054e-17
-5.773159728050814e-17
-3.2585045772748345e-16
-2.3092638912203255e-17
8.970602038971265e-17
-2.886579864025407e-18
-3.1397107136399425e-16
1.3278267374516872e-16
-2.0650148258027913e-16
7.549516567451065e-17
-1.1013412404281553e-16
6.217248937900877e-17
-1.3711254354120684e-16
1.5765166949677222e-16
1.0746958878371515e-16
-1.0080825063596422e-16
1.6719958750854858e-16
9.814371537686384e-17
-3.4217073618947323e-16
-5.2735593669694933e-17
1.3278267374516872e-16
-9.50350909079134e-17
-1.3011813848606834e-16
-9.192646643896296e-17
1.2922996006636821e-16
-3.232969447708456e-16
9.725553695716371e-17
9.325873406851316e-18
3.059774655866931e-16
-1.1035616864774056e-16
5.018208071305708e-17
9.614531393253856e-17
-7.549516567451065e-17
-7.593925488436071e-17
2.7533531010703882e-17
-8.881784197001253e-17
-1.20570220474292e-16
2.6645352591003756e-17
1.8740564655672642e-16
2.6645352591003758e-18
-2.3092638912203255e-17
-1.4455103780619539e-16
2.5979218776228665e-17
1.5187850976872143e-16
-2.3736568266485846e-16
1.3100631690576846e-17
2.997602166487923e-17
-3.108624468950438e-16
4.75175454539567e-17
-3.6148861681795095e-16
-1.3455903058456897e-16
-5.839773109528324e-17
1.687538997430238e-17
-1.6298074001497298e-16
-1.121325254871408e-16
-1.7119639039719914e-16
5.839773109528324e-17
3.1874503036988244e-16
9.08162434143378e-17
-1.7030821197749902e-16
-1.7552626019323724e-16
-2.1294077612310502e-16
-1.1080025785759062e-16
-3.377298440909726e-16
-2.722266856380884e-16
2.948752353404416e-16
2.9687363678476685e-16
-1.2878587085651817e-17
-9.880984919163893e-18
-1.6597834218146091e-16
-1.687538997430238e-17
2.6512125828048737e-16
1.5987211554602254e-16
5.284661597215745e-17
5.284661597215745e-17
3.186340080674199e-17
6.306066779870889e-17
4.618527782440651e-17
-2.255973186038318e-16
1.5276668818842153e-16
-9.414691248821327e-17
-1.3855583347321954e-16
-2.682298827494378e-16
-1.2434497875801754e-16
-4.263256414560601e-17
3.907985046680551e-17
-1.5987211554602253e-17
1.7763568394002505e-18
1.5276668818842153e-16
-1.0835776720341528e-16
-1.4566126083082054e-16
1.2612133559741777e-16
1.0480505352461477e-16
2.1938006966593093e-16
-2.9309887850104134e-16
-1.403321903126198e-16
9.50350909079134e-17
7.727152251391089e-17
7.815970093361102e-17
-8.459899447643693e-17
2.786659791809143e-17
1.9517720772910252e-16
-5.617728504603292e-17
-6.439293542825908e-18
8.837375276016247e-17
1.2145839889399213e-16
1.1723955140041654e-16
3.1086244689504386e-17
-2.5202062658991054e-17
1.0791367799356521e-16
1.1002310174035301e-16
-3.794742298168785e-16
-3.874678355941796e-17
1.4777068457760833e-16
4.451994328746877e-16
1.5054624213917124e-16
-2.502442697505103e-16
-8.781864124784989e-17
-1.546540673302843e-16
1.7574830479816228e-16
-4.39648317751562e-17
-7.616129948928574e-17
3.3306690738754695e-17
-2.6290081223123706e-16
1.4921397450962105e-16
-1.3589129821411916e-16
1.127986593019159e-16
1.3145040611561853e-16
6.289413434501512e-17
-1.6608936448392342e-16
1.0835776720341528e-16
2.9309887850104134e-16
-1.509903313490213e-16
1.829647544582258e-16
-2.957634137601417e-16
-7.349676423018537e-17
-1.7497114868092468e-16
2.5202062658991054e-17
3.597122599785507e-17
1.5701329125761276e-16
-2.183808689437683e-16
-1.4477308241112042e-16
1.5631940186722203e-16
-1.509903313490213e-17
7.993605777301127e-17
2.531308496145357e-17
-1.9673151996357774e-16
7.815970093361102e-17
-3.58046925441613e-16
1.6697754290362354e-16
-9.547918011776346e-17
-1.481037514849959e-16
-1.183497744250417e-16
-1.8673951274195132e-16
-9.170442183403793e-17
2.042810365310288e-17
1.9517720772910252e-16
-2.9110047705671603e-16
-2.0961010704922954e-16
-5.773159728050814e-18
1.5853984791647235e-16
-8.393286066166184e-17
-7.061018436615996e-17
-5.379030554308883e-17
1.0436096431476471e-16
-1.7985612998927537e-17
-1.0724754417879012e-16
1.6653345369377348e-16
-7.149836278586008e-17
1.4832579608992092e-16
1.5987211554602253e-17
1.3200551762793112e-16
1.809663530139005e-16
-8.115730310009894e-17
-3.3306690738754697e-19
1.9162449405030202e-16
8.415490526658687e-17
-2.460254222569347e-16
1.1157741397482822e-16
5.4289905904170154e-17
2.586819647376615e-17
2.8710367416806547e-16
-1.3455903058456897e-16
1.2656542480726783e-16
1.2279066652354232e-16
2.426947531830592e-16
-1.7807977314987512e-16
-3.153033389935444e-17
-3.8413716652030413e-17
2.176037128265307e-17
-1.6342482922482304e-16
9.059419880941277e-17
-8.171241461241152e-17
2.888800310074657e-16
3.059774655866931e-16
-4.263256414560601e-17
1.7807977314987512e-16
2.291500322826323e-16
-6.394884621840901e-17
2.3003821070233244e-16
7.321920847402907e-17
-1.2345680033831742e-16
1.0036416142611415e-16
6.572520305780926e-17
8.43769498715119e-18
3.6504133049675145e-16
-1.7763568394002505e-17
1.5543122344752193e-17
1.8629542353210126e-16
-3.3306690738754695e-17
-9.381384558082572e-17
-5.306866057708248e-17
-1.2900791546144318e-16
-5.062616992290714e-17
-9.481304630298837e-17
1.603162047558726e-16
2.462474668618597e-16
5.906386491005833e-17
4.618527782440651e-17
-1.3089529460330596e-16
5.018208071305708e-17
8.770761894538737e-18
2.644551244657123e-16
1.199040866595169e-17
5.81756864903582e-17
5.928590951498336e-17
-2.6068036618198674e-16
-4.1677772344428377e-16
-8.43769498715119e-18
-1.4799272918253336e-16
-2.97539770599542e-17
-3.0908609005564356e-16
-6.661338147750939e-18
1.9051427102567686e-16
8.970602038971265e-17
4.4408920985006264e-17
1.829647544582258e-16
1.887379141862766e-16
1.1013412404281553e-16
1.5187850976872143e-16
-2.937650123158164e-16
-3.0109248427834247e-16
9.769962616701377e-18
4.61408689034215e-16
2.9110047705671603e-16
2.1538326677728038e-17
3.0553337637684306e-16
6.350475700855895e-17
-1.9628743075372768e-16
1.532107773982716e-16
