-3.708144902248023e-17
-1.3322676295501879e-18
-1.4654943925052067e-17
7.993605777301126e-18
3.663735981263017e-17
-2.2315482794965648e-17
0.0
8.415490526658687e-17
2.5757174171303633e-17
4.796163466380676e-17
-3.4861002973229916e-17
2.2204460492503132e-17
1.8207657603852568e-17
-1.7319479184152442e-17
2.90878432451791e-17
-4.085620730620576e-17
-3.552713678800501e-17
-2.7755575615628915e-18
7.105427357601002e-18
-4.263256414560601e-17
0.0
5.262457136723242e-17
3.4638958368304884e-17
2.5979218776228665e-17
-1.6986412276764895e-17
-1.2434497875801754e-17
5.417888360170764e-17
1.0880185641326535e-17
-6.661338147750939e-18
4.263256414560601e-17
0.0
-1.1546319456101627e-17
-2.0317081350640364e-17
-2.398081733190338e-17
3.480549182199866e-17
-1.3322676295501878e-17
-1.4654943925052067e-17
-6.306066779870889e-17
-6.217248937900877e-18
1.3322676295501878e-17
1.7763568394002505e-17
-2.703393064962256e-17
-1.2434497875801754e-17
1.7763568394002505e-17
4.5297099404706384e-17
2.7533531010703882e-17
-1.765254609153999e-16
1.092459456231154e-16
9.769962616701378e-17
9.481304630298837e-17
3.1619151741324457e-16
-2.042810365310288e-16
-7.083222897108499e-16
2.050581926482664e-16
-5.2402526762307386e-17
5.417888360170764e-17
6.128431095930865e-17
-4.1744385725905886e-17
9.592326932761352e-17
-4.0234482412415674e-16
-2.744471316873387e-16
1.376676550535194e-16
3.530509218307998e-16
2.4225066397320915e-16
2.2737367544323206e-16
2.1893598045608087e-16
2.55351295663786e-16
2.3092638912203255e-17
4.04121180963557e-17
-1.3788969965844444e-16
1.262323578998803e-16
-2.5091040356528535e-16
-1.3455903058456897e-16
8.926193117986259e-17
3.663735981263017e-17
-2.6401103525586224e-16
-4.127809205556332e-16
3.836930773104541e-16
2.0439205883349132e-16
-2.375877272697835e-16
9.547918011776346e-17
-3.0819791163594343e-16
4.951594689828198e-17
-1.9984014443252816e-18
2.867150961094467e-16
2.2160051571518125e-16
7.038813976123493e-17
1.9995116673499069e-16
-5.684341886080802e-17
4.947153797729698e-16
2.673417043297377e-16
-5.213607323639735e-16
1.0658141036401503e-17
3.339550858072471e-16
-6.838973831690964e-17
-1.6342482922482304e-16
6.838973831690964e-17
-3.2507330161024583e-16
-1.0969003483296547e-16
-2.2648549702353194e-16
-2.4868995751603507e-17
1.2212453270876723e-16
5.260236690673992e-16
5.586642259913788e-16
8.704148513061228e-17
-4.75619543749417e-16
-1.5987211554602254e-16
-3.43836070726411e-16
-7.549516567451065e-18
2.9531932455029166e-17
-1.2345680033831742e-16
-2.680078381445128e-16
-6.439293542825907e-17
8.881784197001253e-18
1.376676550535194e-16
-2.3581137043038326e-16
3.219646771412954e-16
-1.4077627952246985e-16
8.393286066166184e-17
1.0658141036401502e-16
-1.1501910535116622e-16
5.24913446042774e-16
2.4868995751603507e-17
-3.8191672047105384e-16
-3.383959779057477e-16
-1.6697754290362354e-16
-3.3661962106634747e-16
2.3603341503530827e-16
8.526512829121202e-17
-2.220446049250313e-18
-5.1292303737682235e-17
1.7452705947107462e-16
-4.276579090856103e-16
4.75619543749417e-16
7.260858581048524e-17
1.5054624213917124e-16
-3.1119551380243137e-16
-2.6889601656421293e-16
-1.1102230246251566e-17
-1.887379141862766e-16
1.7419399256368706e-16
2.646771690706373e-16
-3.7547742692822795e-16
1.8962609260597673e-16
-2.255973186038318e-16
2.0294876890147862e-16
-2.05613304160579e-16
4.1566750041965863e-16
-1.1146639167236572e-16
2.708944180085382e-17
-1.8118839761882554e-16
-6.861178292183467e-17
-7.01660951563099e-17
-2.0383694732117875e-16
3.1663560662309463e-16
-1.176836406102666e-16
-3.3217872896784684e-16
-5.3956838996782606e-17
1.8318679906315082e-16
-1.865174681370263e-17
-2.2648549702353194e-16
-3.375077994860476e-17
1.4432899320127036e-16
-3.286260152890463e-17
-1.8207657603852566e-16
2.757793993168889e-16
-1.4566126083082054e-16
5.043743200872086e-16
4.18776124888609e-16
-1.256772463875677e-16
2.2648549702353194e-16
5.4289905904170154e-17
-8.337774914934926e-17
-2.3869795029440865e-16
-3.26405569239796e-17
2.2737367544323206e-16
2.8910207561239077e-16
-1.9817480989559043e-16
1.6697754290362354e-16
2.7400304247748863e-16
-3.859135233597044e-16
-3.448352714485736e-16
1.1934897514720433e-17
2.1316282072803006e-17
-3.2218672174622044e-16
-8.43769498715119e-17
1.376676550535194e-16
-2.6290081223123706e-16
-9.769962616701378e-17
6.661338147750939e-17
-3.312905505481467e-16
-2.333688797762079e-16
-4.2543746303635997e-16
-6.705747068735945e-17
-1.509903313490213e-16
1.3256062914024369e-16
-8.248957072964913e-17
1.638689184346731e-16
3.397282455352979e-16
-8.570921750106209e-17
2.3847590568948364e-16
-1.9051427102567686e-16
-1.474376176702208e-16
2.828848266744899e-16
8.637535131583718e-17
-7.549516567451065e-17
-1.5631940186722203e-16
-3.6570746431152657e-16
-1.3078427230084343e-16
1.0658141036401502e-16
2.517985819849855e-16
2.219335826225688e-16
1.7541523789077474e-17
4.2910119901762303e-16
-2.5301982731207317e-16
-2.8332891588433995e-16
1.3167245072054356e-16
2.220446049250313e-16
-2.3869795029440865e-17
-2.0006218903745321e-16
-2.6889601656421293e-16
2.020605904817785e-17
-4.884981308350689e-17
-7.815970093361102e-17
4.796163466380677e-16
6.461498003318411e-17
1.8662849043948882e-16
-1.8318679906315082e-16
1.4499512701604545e-16
-1.84297022087776e-17
-1.1546319456101627e-17
-6.306066779870889e-16
-2.2204460492503132e-17
1.7474910407599965e-16
-2.4491519923230953e-16
-4.019007349143067e-16
2.1738166822160565e-16
-1.1690648449302898e-16
-2.162714451969805e-16
2.34035013590983e-16
-5.417888360170764e-17
-9.126033262418786e-17
6.195044477408374e-17
1.7008616737257399e-16
2.1427304375265522e-17
2.942091015256665e-17
7.549516567451065e-18
-1.822986206434507e-16
3.7903014060702846e-16
4.2543746303635997e-16
3.064215547965432e-16
1.1102230246251565e-16
-9.681144774731365e-17
6.616929226765933e-17
3.361755318564974e-16
1.8540724511240113e-16
8.393286066166184e-17
1.341149413747189e-16
-3.574918139293004e-17
-4.485301019485633e-17
-2.0294876890147862e-16
3.9968028886505634e-17
2.0961010704922954e-16
1.4832579608992092e-16
-5.684341886080802e-17
-8.215650382226158e-18
-1.9895196601282806e-16
1.7030821197749902e-16
1.9939605522267812e-16
4.671818487622659e-16
-1.554312234475219e-16
-9.814371537686384e-17
-3.4416913763379854e-16
6.172840016915871e-17
1.1990408665951691e-16
-8.881784197001253e-17
-3.459454944731988e-16
-9.85878045867139e-17
-8.704148513061228e-17
5.306866057708249e-16
9.325873406851315e-17
-3.1308289294429413e-16
-2.6045832157706173e-16
-2.2115642650533118e-16
-4.973799150320702e-16
3.552713678800501e-17
3.552713678800501e-17
1.396660564978447e-16
-8.126832540256146e-17
1.1257661469699087e-16
6.483702463810914e-17
-1.809663530139005e-16
-2.744471316873387e-16
1.0302869668521453e-16
1.0658141036401503e-17
2.402522625288839e-16
1.0125233984581428e-16
2.673417043297377e-16
-4.0389913635863194e-16
-1.4921397450962105e-16
1.7186252421197424e-16
6.195044477408374e-17
3.286260152890463e-17
4.127809205556332e-16
8.704148513061228e-17
-5.1514348342607266e-17
7.793765632868598e-17
-3.943512183468556e-16
-9.85878045867139e-17
-4.47197834319013e-16
3.8768988019910466e-16
7.771561172376097e-18
1.5565326805244694e-16
-3.228528555609955e-16
7.915890165577366e-17
5.013767179207207e-16
-4.787281682183675e-16
-4.440892098500626e-18
-1.262323578998803e-16
-2.575717417130363e-16
1.7141843500212417e-16
2.3714363805993345e-16
-3.508304757815495e-17
-2.7267077484793844e-16
4.591882429849648e-16
2.8377300509419e-16
-1.092459456231154e-16
7.327471962526034e-17
-6.838973831690964e-17
3.900213485508175e-16
-4.649614027130155e-16
1.8207657603852568e-17
1.2523315717771765e-16
2.438049762076844e-16
-3.0819791163594343e-16
1.5787371410169725e-16
2.4424906541753444e-17
-1.3766765505351941e-17
-6.084022174945858e-17
-3.703704010149522e-16
-1.1801670751765413e-16
5.74651437545981e-16
2.7333690866271356e-16
-2.1316282072803006e-17
1.4699352846037073e-16
-3.4550140526334873e-16
6.59472476627343e-17
-1.3278267374516872e-16
-4.696243394164413e-16
7.993605777301126e-18
-9.547918011776346e-17
-1.7985612998927537e-16
1.6586731987899839e-16
3.503863865716994e-16
4.440892098500626e-18
-3.064215547965432e-17
4.1744385725905886e-17
2.631228568361621e-16
-1.8118839761882554e-16
-2.6156854460168687e-16
-2.97761815204467e-16
-2.398081733190338e-17
-2.4369395390522184e-16
-1.6786572132332367e-16
2.2870594307278225e-16
-9.126033262418786e-17
-1.8363088827300088e-16
6.039613253960852e-17
2.362554596402333e-16
-3.3173463975799677e-16
4.9737991503207014e-17
-3.19300141882195e-16
3.996802888650563e-18
2.4424906541753442e-18
2.0250467969162856e-16
-1.6076029396572266e-16
3.219646771412954e-16
-3.0020430585864235e-16
-3.907985046680551e-17
1.567634910770721e-16
-1.8030021919912543e-16
-3.459454944731988e-16
1.6342482922482304e-16
-1.305622276959184e-16
-3.4505731605349866e-16
3.0020430585864235e-16
4.198863479132342e-16
-8.304468224196171e-17
5.313527395855999e-16
-2.0805579481475435e-16
-2.562394740834861e-16
2.782218899710642e-16
-8.171241461241152e-17
7.194245199571015e-17
-2.7045032879868813e-16
-2.540190280342358e-16
1.8118839761882554e-16
-3.2462921240039576e-16
-1.1723955140041654e-16
-1.674216321134736e-16
2.815525590449397e-16
-1.8141044222375057e-16
-3.4505731605349866e-16
5.1514348342607266e-17
6.368239269249898e-16
2.857714065385153e-16
-1.4499512701604545e-16
-4.218847493575595e-17
2.504663143554353e-16
2.9254376698872872e-16
1.900701818158268e-16
-3.397282455352979e-17
-1.1590728377086635e-16
5.409006575973763e-16
4.698463840213663e-16
1.021405182655144e-16
-3.552713678800501e-17
-1.34781075189494e-16
7.926992395823617e-17
-7.30526750203353e-17
-1.467714838554457e-16
3.663735981263017e-17
-2.6423307986078724e-16
3.739231146937527e-16
9.459100169806333e-17
3.47277762102749e-16
2.9309887850104134e-17
-4.96269692007445e-17
-5.95079541199084e-17
8.348877145181177e-17
-3.481659405224491e-16
-1.3589129821411916e-16
4.884981308350689e-17
-5.3290705182007515e-18
-2.380318164796336e-16
2.418065747633591e-16
1.2878587085651815e-16
2.8244073746463983e-16
-8.704148513061228e-17
2.6645352591003758e-18
-5.018208071305708e-17
3.397282455352979e-16
1.9051427102567686e-16
2.042810365310288e-17
-2.0949908474676704e-16
1.3167245072054356e-16
3.68594044175552e-17
2.4485968808107825e-16
-1.5076828674409627e-16
-7.416289804496046e-17
3.566036355096003e-16
3.073097332162433e-16
1.1546319456101627e-17
-3.574918139293004e-17
-2.136069099378801e-16
4.5297099404706384e-17
2.3714363805993345e-16
8.881784197001253e-19
6.246114736541131e-16
-2.4846791291111003e-16
-8.926193117986259e-17
1.616484723854228e-16
8.171241461241152e-17
9.903189379656397e-17
1.5187850976872143e-16
-1.3300471835009375e-16
3.481659405224491e-16
1.3100631690576846e-16
-1.1401990462900357e-16
3.1885605267234495e-16
-3.1530333899354444e-16
-2.5845992013273643e-16
3.0819791163594343e-16
1.2345680033831742e-16
3.4638958368304885e-16
-2.673417043297377e-16
-2.486899575160351e-16
1.8074430840897547e-16
1.509903313490213e-16
2.9043434324194096e-16
-3.4283687000424835e-16
-1.1723955140041654e-16
6.430411758628906e-16
-3.8324898810060403e-16
-1.1102230246251566e-17
-1.7319479184152442e-17
-5.5067062021407764e-17
-1.7874590696465021e-16
4.662936703425657e-17
2.41140440948584e-16
1.141309269314661e-16
-5.417888360170764e-17
-8.215650382226158e-17
7.149836278586008e-17
1.5143442055887136e-16
9.947598300641403e-17
5.875300246316328e-16
-1.4099832412739488e-16
1.3589129821411916e-16
-3.872457909892546e-16
